7.24	6.77	10.92	11.63
7.13	6.79	10.92	11.63
7.13	6.88	12.30	11.63
7.24	6.77	10.91	11.63
7.13	6.77	10.92	11.63
7.13	6.88	12.30	11.63
7.24	6.77	10.91	11.63
7.13	6.88	12.28	11.63
7.24	6.77	10.91	11.63
7.13	6.77	10.92	11.63
7.13	6.89	12.28	11.63
7.24	6.77	10.92	11.63
7.13	6.77	10.92	11.63
7.13	6.88	11.27	11.63
7.13	6.89	11.27	11.63
7.13	6.88	11.27	11.63
7.13	6.89	11.27	11.63
7.13	6.88	10.92	11.63
7.13	6.88	10.92	11.52
7.13	6.88	10.92	11.52
7.13	6.88	10.92	11.52
7.13	6.88	10.92	11.52
7.13	6.88	10.82	11.52
7.13	6.88	10.82	11.52
7.13	6.88	10.82	11.52
7.13	6.88	10.80	11.52
7.13	6.88	10.82	11.52
7.24	6.88	10.80	11.52
7.24	6.88	10.82	11.52
7.24	6.89	10.82	11.51
7.24	6.88	10.82	11.52
7.24	6.88	10.82	11.52
7.24	6.88	10.82	11.52
7.24	6.77	10.82	11.52
7.24	6.77	10.80	11.52
7.24	6.77	10.82	11.52
7.24	6.77	10.82	11.63
7.24	6.77	10.80	11.63
7.24	6.77	10.82	11.63
7.24	6.77	10.80	11.63
7.24	6.77	10.92	11.63
7.24	6.77	10.91	11.63
7.24	6.77	10.92	11.63
7.24	6.77	10.92	11.63
7.17	6.77	10.92	11.63
7.13	6.88	11.27	11.63
7.13	6.88	11.27	11.63
7.13	6.88	12.30	11.63
7.13	6.77	10.92	11.63
7.13	6.88	11.27	11.63
7.13	6.88	11.27	11.63
7.13	6.88	11.25	11.63
7.13	6.88	10.91	11.63
7.13	6.88	10.92	11.52
7.13	6.88	10.92	11.52
7.13	6.88	10.92	11.51
7.13	6.88	10.92	11.52
7.13	6.88	10.82	11.52
7.13	6.88	10.82	11.52
7.13	6.88	10.82	11.52
7.13	6.88	10.80	11.52
7.13	6.88	10.82	11.52
7.24	6.88	10.80	11.52
7.24	6.88	10.80	11.52
7.24	6.88	10.82	11.52
7.24	6.88	10.82	11.52
7.24	6.88	10.80	11.52
7.24	6.88	10.82	11.51
7.24	6.77	10.82	11.52
7.24	6.77	10.82	11.52
7.24	6.77	10.82	11.54
7.24	6.77	10.80	11.63
7.24	6.77	10.82	11.63
7.24	6.77	10.80	11.63
7.24	6.77	10.92	11.63
7.24	6.77	10.91	11.63
7.24	6.77	10.92	11.63
7.24	6.77	10.92	11.63
7.24	6.77	10.92	11.63
7.24	6.77	10.92	11.63
7.13	6.83	10.92	11.63
7.13	6.88	11.27	11.63
7.13	6.88	11.25	11.63
7.13	6.88	10.92	11.63
7.13	6.88	10.92	11.52
7.13	6.88	10.92	11.52
7.13	6.88	10.92	11.52
7.13	6.88	10.92	11.52
7.13	6.88	10.82	11.52
7.13	6.88	10.82	11.52
7.13	6.88	10.82	11.52
7.13	6.88	10.82	11.52
7.13	6.88	10.82	11.52
7.24	6.88	12.54	11.52
7.13	6.88	10.80	11.52
7.13	6.88	10.82	11.52
7.24	6.88	10.80	11.52
7.24	6.88	10.82	11.52
7.24	6.88	10.82	11.87
7.24	6.88	10.80	11.52
7.24	6.88	10.82	11.52
7.24	6.88	10.82	11.52
7.24	6.77	10.82	11.51
7.24	6.77	10.82	11.52
7.24	6.77	10.82	11.52
7.24	6.77	10.82	11.63
7.24	6.77	10.82	11.63
7.24	6.77	10.82	11.63
7.24	6.77	10.82	11.63
7.24	6.77	10.91	11.97
7.24	6.77	10.92	11.97
7.24	6.77	10.92	11.97
7.24	6.77	11.27	11.63
7.24	6.77	10.92	11.97
7.24	6.77	10.92	11.97
7.24	6.77	11.27	11.63
7.24	6.77	10.92	11.97
7.24	6.77	10.91	11.97
7.24	6.77	10.92	11.97
7.24	6.77	10.92	11.63
7.24	6.77	10.92	11.63
7.24	6.77	10.92	11.63
7.24	6.77	10.92	11.63
7.13	6.88	11.25	11.63
5.81	6.88	10.92	10.15
7.13	6.89	10.92	11.52
7.13	6.88	10.80	11.52
7.13	6.88	10.82	11.52
7.13	6.88	10.80	11.52
7.13	6.88	10.82	11.51
7.22	6.88	11.16	11.87
7.13	6.88	10.82	11.52
7.24	6.88	11.16	11.87
7.24	6.88	11.16	11.85
7.24	6.88	11.15	11.87
7.24	6.88	11.16	11.87
5.93	6.88	10.80	11.87
5.93	5.57	10.82	10.26
5.93	5.47	10.91	10.26
5.83	5.57	10.92	10.15
5.83	6.88	10.82	11.87
5.93	5.59	10.82	10.15
5.93	5.47	10.80	10.26
5.93	6.77	10.92	11.97
5.87	5.57	11.27	11.87
5.83	5.57	11.15	11.87
5.83	5.57	11.15	11.87
5.93	5.57	11.16	11.87
5.93	5.49	11.16	11.85
5.93	6.77	11.15	11.97
5.93	5.47	11.25	11.97
5.93	5.57	11.27	11.97
5.83	5.57	11.20	11.85
5.83	5.59	11.16	11.87
5.93	6.88	11.15	11.87
5.93	5.57	11.15	11.87
5.93	5.47	11.15	11.87
5.93	5.49	11.27	11.97
5.93	5.52	11.27	11.97
5.83	5.57	11.27	11.87
5.83	5.59	11.16	11.85
5.83	6.88	11.16	11.87
5.93	6.88	11.16	11.87
5.93	5.57	11.15	11.87
5.93	5.47	11.16	11.87
5.93	5.49	11.22	10.26
5.93	5.59	11.27	11.87
5.83	5.59	11.16	11.87
5.83	5.59	11.15	11.87
5.93	5.59	11.15	11.87
5.93	5.51	11.15	11.87
5.93	5.47	11.15	11.97
5.93	5.47	11.27	11.97
5.93	5.57	11.27	11.87
5.83	6.88	11.25	11.87
5.83	5.57	11.16	11.87
5.93	6.88	11.15	11.85
5.93	5.57	11.16	11.87
5.93	5.51	11.16	11.87
5.93	5.47	11.16	11.97
5.93	5.47	11.27	11.97
5.93	5.57	11.27	11.87
5.83	5.57	11.16	11.87
5.83	5.57	11.15	11.87
5.93	5.57	11.16	11.87
5.93	5.49	11.16	11.87
5.93	5.47	11.15	11.97
5.93	5.47	11.25	11.97
5.93	5.57	11.27	11.87
5.83	5.57	11.16	11.87
5.83	5.59	11.16	11.87
5.93	5.57	11.16	11.87
5.93	5.47	11.15	11.87
5.93	5.47	11.25	10.26
5.93	5.57	11.25	11.87
5.83	6.88	11.27	11.87
5.83	5.59	11.16	11.87
5.83	5.57	11.16	11.87
5.93	5.57	11.16	11.87
5.93	5.47	11.16	11.87
5.93	5.47	11.25	11.97
5.93	5.59	11.27	11.97
5.83	5.59	11.27	11.87
5.83	5.57	11.16	11.87
5.93	6.88	11.16	11.87
5.93	6.89	11.16	11.87
5.93	5.57	11.16	11.87
5.93	5.47	11.16	11.94
5.93	5.47	11.27	11.97
5.93	5.57	11.27	11.97
5.83	5.59	11.27	11.87
5.83	5.57	11.16	11.87
5.93	6.88	11.16	11.87
5.93	5.57	11.16	11.87
5.93	5.47	11.16	11.87
5.93	5.49	11.16	11.97
5.93	5.47	11.27	11.97
5.93	5.59	11.25	11.87
5.83	5.57	11.15	11.87
5.83	5.57	11.15	11.87
5.93	5.59	11.16	11.87
5.93	5.47	11.16	11.85
5.93	5.49	11.20	11.97
5.93	5.52	11.27	11.97
5.83	5.59	11.27	11.87
5.83	5.59	11.16	11.87
5.83	5.57	11.16	11.87
5.93	5.59	11.16	11.87
5.93	5.49	11.16	11.87
5.93	5.47	11.25	10.26
5.93	6.88	11.27	11.97
5.83	5.59	11.27	11.85
5.83	6.88	11.15	11.85
5.83	6.88	11.16	11.87
5.83	5.57	11.15	11.87
5.93	5.57	11.15	11.87
5.93	6.77	11.15	11.87
5.93	6.77	11.16	11.85
5.93	5.47	11.25	11.97
5.93	5.59	11.27	11.97
5.83	5.59	11.27	11.87
5.83	5.57	11.16	11.87
5.83	5.57	11.16	11.87
5.93	5.57	11.16	11.87
5.93	5.47	11.16	11.87
5.93	5.49	11.27	11.97
5.93	5.59	11.25	11.97
5.83	5.57	11.27	11.87
5.83	6.88	11.16	11.87
5.83	6.88	11.16	11.85
5.93	6.88	11.15	11.87
5.93	5.59	11.15	11.87
5.93	6.83	11.16	11.87
5.93	6.77	11.16	11.87
5.93	6.77	11.16	11.87
5.93	6.77	11.16	11.97
5.93	6.77	11.27	11.97
5.93	6.77	11.27	11.97
5.93	6.88	11.25	11.97
5.83	6.88	11.27	11.97
5.83	5.57	11.20	11.87
5.83	6.88	11.15	11.87
5.83	6.89	11.15	11.85
5.93	6.89	11.15	11.87
5.93	6.89	11.16	11.87
5.93	6.88	11.16	11.85
5.93	6.77	11.15	11.87
5.93	6.77	11.16	11.87
5.93	5.47	11.27	10.26
5.93	6.88	11.27	11.97
5.83	6.88	11.27	11.85
5.83	5.59	11.15	11.85
5.83	5.57	10.82	10.15
7.24	6.88	10.82	11.87
7.24	6.88	10.82	11.87
7.24	6.88	10.80	11.87
7.24	6.88	11.15	11.87
5.93	6.77	10.82	10.26
5.93	5.47	11.27	11.97
5.93	5.59	11.27	11.97
5.83	5.57	11.25	11.87
5.83	5.59	11.16	11.87
5.93	5.59	11.15	10.50
5.93	6.45	11.16	11.87
6.91	5.47	11.15	12.21
6.91	6.45	11.51	12.21
6.91	6.45	10.14	12.30
6.91	6.45	10.24	12.31
6.59	7.43	11.51	11.28
6.59	7.43	11.49	11.27
6.59	6.12	10.56	11.28
7.46	7.10	10.58	11.28
6.16	7.20	10.92	11.52
6.16	7.20	10.92	11.51
6.16	7.20	10.82	10.15
7.13	6.88	10.80	10.15
7.24	6.88	10.80	10.50
5.93	6.77	9.79	11.87
6.91	6.45	9.90	10.94
6.91	6.45	10.24	10.94
7.79	6.55	10.24	11.18
6.48	7.53	10.24	11.18
6.48	7.53	10.46	11.16
7.46	7.20	10.46	11.16
7.46	7.20	10.48	10.15
6.26	8.16	9.45	10.15
7.24	6.77	9.45	10.60
7.24	6.77	11.25	10.60
7.13	7.75	9.90	12.31
8.11	7.75	9.90	10.94
6.81	6.55	10.24	11.16
7.79	7.53	10.24	11.18
7.79	7.53	10.24	9.81
7.46	8.51	9.11	11.18
7.56	7.20	9.11	10.15
7.56	7.10	9.45	10.26
8.54	8.06	9.45	10.60
7.24	8.08	9.55	10.60
7.13	7.85	9.90	10.84
8.11	7.85	9.90	10.84
8.11	7.85	9.90	10.84
7.79	8.87	8.87	9.81
7.89	8.87	8.76	9.81
7.89	7.43	9.11	9.91
7.46	8.40	9.21	10.26
7.48	8.51	9.21	10.15
8.44	8.18	9.55	10.15
8.44	8.18	9.55	10.50
8.11	9.21	9.79	10.50
8.11	9.21	8.40	9.47
8.21	9.21	10.14	10.84
9.24	8.87	8.76	9.81
7.89	8.85	8.76	9.81
8.90	8.39	9.11	9.91
8.90	8.40	9.21	10.26
8.44	9.45	8.18	10.60
8.44	9.45	8.18	9.23
9.84	9.21	8.51	9.47
8.11	9.21	8.51	9.47
9.60	9.21	8.40	9.81
9.24	8.87	8.76	8.52
9.24	8.39	7.82	8.52
8.80	9.78	9.21	8.88
8.80	9.55	8.18	10.15
8.44	9.55	8.18	9.12
9.83	9.55	8.42	9.47
9.60	9.21	8.40	9.47
9.59	10.24	8.76	9.81
9.26	10.22	9.11	8.42
10.62	9.90	7.75	8.78
8.90	9.79	8.08	9.23
9.93	9.43	8.08	9.23
9.83	9.45	8.51	9.57
9.84	10.46	8.51	8.20
9.48	10.46	7.53	9.91
9.14	10.12	8.87	8.52
9.14	10.14	7.85	8.42
10.17	9.90	6.89	8.78
10.17	9.54	8.18	9.12
9.93	10.91	7.20	9.45
11.20	10.58	8.51	8.09
9.60	10.58	7.53	7.12
10.62	10.24	7.75	8.42
10.62	9.90	7.75	7.55
10.27	9.79	6.77	8.88
10.27	11.16	7.12	7.87
11.54	10.80	7.10	6.89
11.20	10.48	6.24	6.89
10.86	10.48	7.53	7.22
12.23	10.12	6.55	7.22
10.51	9.79	6.55	7.44
11.88	11.15	6.89	6.47
11.56	11.25	5.92	7.77
11.22	10.92	7.20	7.77
11.22	11.94	6.24	6.79
10.96	11.94	6.24	5.85
10.98	11.59	6.47	5.92
11.99	11.49	6.47	6.24
12.01	11.49	5.49	7.55
11.63	11.15	6.79	6.57
11.54	12.52	5.80	6.57
12.91	12.18	5.81	6.57
11.22	12.18	6.12	5.59
12.59	11.85	6.14	5.59
10.86	11.83	5.27	6.89
12.23	11.49	5.27	5.81
12.25	11.49	5.27	7.12
11.88	11.49	6.55	6.14
11.90	11.59	5.59	6.14
11.99	12.97	5.57	6.14
12.01	12.62	5.59	6.24
11.99	12.62	5.59	6.24
12.01	12.62	5.59	6.24
12.01	11.59	5.47	6.24
11.99	11.49	6.47	6.24
11.88	11.49	5.16	5.92
12.25	11.83	6.23	6.89
12.57	12.18	5.81	5.61
11.54	11.15	5.57	6.57
11.90	11.49	5.27	7.12
10.86	10.48	6.23	5.49
11.32	10.91	6.88	6.47
12.01	11.25	6.50	7.12
10.96	10.58	7.10	6.89
10.27	11.15	6.77	8.88
10.62	10.12	7.43	8.20
9.95	9.45	8.08	9.23
9.14	10.12	7.53	9.91
9.83	9.45	8.18	9.21
10.17	9.78	8.87	8.52
9.48	9.45	8.20	9.12
8.80	8.51	8.87	8.42
8.21	9.21	9.79	10.50
8.54	8.51	9.11	9.81
9.24	8.76	8.40	9.57
8.54	8.08	9.21	10.26
7.79	8.76	8.87	9.91
8.11	7.85	9.90	10.50
8.44	7.20	9.21	10.15
7.89	7.53	10.14	11.18
6.91	7.85	9.79	10.50
7.24	6.77	9.45	10.26
7.56	7.10	10.48	11.27
6.59	6.45	10.24	12.31
6.91	6.55	11.25	11.97
7.13	6.77	10.92	10.26
6.16	7.20	10.91	11.52
6.16	6.23	10.48	11.18
6.48	6.23	10.48	11.18
6.59	6.55	10.14	11.18
6.91	6.45	11.51	12.21
6.91	6.45	11.16	12.21
6.91	5.47	11.15	11.87
5.93	5.49	11.27	10.60
5.93	5.57	11.27	11.87
5.83	5.59	11.15	11.87
5.83	5.57	11.16	11.87
5.93	5.59	11.16	11.87
5.93	5.49	11.16	11.87
5.93	5.49	11.16	11.97
5.93	5.49	11.27	11.97
5.93	5.57	11.27	11.87
5.83	5.57	11.16	11.87
5.83	5.59	11.15	11.87
5.93	5.59	11.16	11.87
5.93	5.47	11.16	10.60
5.93	6.45	11.27	12.31
6.91	6.45	10.24	12.31
6.91	6.45	10.24	11.28
6.48	7.53	10.58	11.28
6.48	6.24	10.58	11.18
6.16	7.20	10.48	10.15
6.26	7.20	10.82	10.15
7.24	6.88	10.82	11.87
7.24	6.88	9.79	10.50
6.91	7.75	11.16	10.94
6.91	6.45	10.24	10.94
7.89	6.45	10.24	11.28
6.48	7.43	10.58	11.28
7.46	7.20	9.55	10.15
6.16	8.18	9.45	10.15
7.24	6.88	9.45	10.50
7.24	7.75	9.79	10.94
6.91	6.45	9.90	10.92
7.79	7.43	10.24	9.91
7.46	7.53	9.21	11.52
7.46	7.20	9.11	10.15
8.54	8.18	9.45	10.50
7.24	6.88	9.79	10.84
8.21	7.75	9.79	10.92
7.91	8.76	8.76	9.91
9.26	7.43	9.21	9.91
7.46	8.51	9.21	10.15
8.44	8.18	9.55	10.50
8.11	9.21	8.51	9.47
8.21	9.21	8.40	10.84
9.24	8.87	8.76	9.81
7.89	8.76	9.11	9.91
8.90	8.40	9.11	8.88
8.44	8.08	8.18	9.12
9.83	9.21	8.51	9.47
8.21	9.19	8.40	9.47
9.24	8.87	8.76	8.51
8.90	9.78	7.75	8.88
8.80	9.45	8.18	9.23
8.44	9.45	8.18	9.11
9.48	9.19	8.51	9.47
9.60	10.22	8.87	9.79
9.14	10.24	7.85	8.42
8.90	9.90	9.45	8.78
9.95	10.91	8.08	9.12
9.93	9.55	8.40	8.20
9.59	10.46	7.43	8.20
10.86	10.12	7.75	8.52
9.24	9.78	7.85	8.88
10.17	9.79	8.18	9.23
9.83	10.82	7.20	8.20
9.50	10.48	7.53	8.09
10.87	10.24	7.85	7.12
10.51	9.88	6.88	7.44
10.27	9.90	6.77	7.87
11.30	10.82	7.10	6.89
11.30	10.48	7.43	6.89
10.96	10.12	6.45	7.22
10.51	10.14	6.57	7.55
11.88	11.15	6.88	6.57
11.56	12.52	7.20	6.57
11.22	10.80	6.23	6.89
10.87	11.83	6.24	5.81
12.23	10.12	6.57	7.12
11.90	11.51	5.59	6.14
11.90	12.62	6.88	6.47
11.54	12.28	5.90	6.47
11.30	12.28	7.20	5.49
12.57	11.94	6.23	6.79
12.23	11.94	5.27	5.92
12.33	11.59	5.25	7.22
11.99	11.59	6.47	6.24
12.01	11.61	5.49	6.24
11.99	11.49	5.49	6.24
13.27	12.52	5.49	6.26
11.56	12.52	5.47	6.24
13.27	12.86	5.49	6.24
11.90	11.49	6.45	6.24
11.88	11.49	5.25	5.92
10.86	11.83	6.23	5.49
11.20	12.18	6.88	6.47
11.88	11.15	6.57	7.12
10.87	11.83	6.24	5.49
11.30	10.92	6.88	6.47
10.63	10.22	6.45	7.22
11.32	10.80	7.10	7.87
10.29	9.79	7.75	7.22
9.48	10.46	8.18	7.87
10.19	10.12	8.87	9.91
9.83	9.45	8.18	9.23
9.16	9.78	8.87	9.91
9.83	9.45	8.18	10.26
9.14	8.76	8.51	9.47
8.44	9.54	9.55	10.15
7.79	8.85	8.76	9.81
8.54	8.18	9.45	10.15
8.92	8.51	8.76	9.79
8.21	7.75	9.45	10.60
7.56	7.10	9.21	11.28
7.79	7.43	10.24	10.94
7.13	6.88	9.55	10.50
7.46	7.20	10.48	9.81
6.59	7.53	10.14	11.18
6.91	6.55	9.79	11.87
7.24	6.77	10.82	10.26
6.26	7.10	10.92	11.63
7.56	6.12	10.58	11.28
6.55	6.23	11.61	11.28
6.48	6.55	11.61	12.21
6.81	6.55	11.27	12.19
5.83	6.55	11.27	12.21
5.83	6.57	11.16	12.21
5.83	6.55	11.16	11.87
5.83	6.55	11.15	11.87
5.93	6.55	11.15	11.87
5.93	6.55	11.15	11.87
5.93	6.45	11.16	11.87
5.93	6.45	11.15	11.97
5.93	6.45	11.25	11.97
5.93	6.45	11.27	11.97
5.93	6.55	11.25	11.97
5.83	6.57	11.27	11.87
5.83	6.55	11.27	11.87
6.81	6.55	10.14	10.84
6.81	6.55	10.14	11.18
6.59	7.53	10.48	11.18
7.56	7.20	10.82	11.51
6.26	7.19	10.82	10.15
7.24	6.77	11.15	10.60
5.93	7.75	11.15	10.58
6.91	6.45	10.22	10.94
7.79	7.43	10.58	11.28
6.48	7.22	10.58	10.26
6.16	8.18	9.55	10.15
7.13	6.88	9.79	10.50
8.21	6.55	10.14	10.84
7.89	7.43	10.14	9.81
7.56	8.40	9.11	10.26
7.56	8.08	9.55	10.60
7.13	7.84	9.90	10.94
8.11	8.87	10.24	9.91
7.79	7.53	9.21	10.15
7.46	9.90	9.55	10.15
8.44	9.21	9.79	9.47
8.21	9.21	8.76	9.81
7.89	8.76	9.11	9.91
8.90	9.78	9.45	10.26
8.54	9.45	9.79	9.57
8.21	9.11	8.76	9.91
9.14	8.76	7.87	8.52
8.80	9.88	9.55	9.12
8.44	9.55	8.51	9.47
9.54	9.19	8.76	9.81
9.24	10.22	7.75	8.78
8.90	9.45	8.08	9.23
9.95	9.45	8.40	8.20
9.48	10.46	7.53	8.52
9.14	10.12	7.85	8.88
10.17	9.78	8.18	7.77
9.83	10.82	8.51	8.09
9.50	10.58	7.53	7.12
10.56	10.22	7.85	7.44
10.27	11.25	7.10	7.77
11.32	10.92	7.10	6.79
10.98	10.56	6.45	8.20
10.96	9.90	6.45	7.55
11.88	11.15	6.77	6.57
11.56	10.80	7.10	6.89
11.22	10.48	6.24	5.92
10.87	11.49	6.57	7.22
11.90	11.49	5.57	7.44
11.54	12.52	5.90	6.47
11.54	12.18	5.92	5.49
11.22	11.83	6.23	6.79
12.23	11.83	5.27	5.81
12.23	11.59	5.27	7.12
12.35	11.59	6.57	6.14
12.01	12.97	5.59	6.24
11.99	12.98	5.59	6.24
11.99	12.62	5.59	6.24
11.99	11.59	6.45	6.24
12.35	11.59	5.15	7.22
12.35	11.51	6.12	6.89
12.69	11.83	5.80	6.57
11.66	11.15	5.47	6.24
12.25	10.14	6.23	6.89
11.22	10.82	6.88	6.57
10.51	9.79	7.53	7.12
11.20	10.86	8.18	7.77
10.51	9.90	7.53	8.09
9.83	9.55	7.82	8.78
9.24	10.24	8.40	8.09
10.29	9.43	7.75	8.52
9.60	9.11	8.08	9.23
8.80	9.79	8.87	9.91
9.83	9.09	9.55	8.88
9.14	8.80	8.51	9.47
8.44	8.18	9.45	10.15
7.91	8.51	10.14	10.84
7.24	6.88	9.45	10.15
7.58	8.40	10.14	11.18
8.21	7.75	9.79	10.50
6.26	8.08	10.48	11.63
6.59	7.10	10.24	11.28
6.91	6.45	9.90	10.60
7.13	6.88	10.91	11.52
6.16	7.20	10.58	11.51
6.48	7.20	10.46	11.18
6.48	7.53	11.49	11.18
6.81	6.55	11.51	12.21
6.81	6.55	11.15	11.87
6.91	6.55	11.16	11.87
5.93	6.55	11.16	11.87
5.93	6.55	11.16	11.87
5.93	6.45	11.16	11.87
5.93	6.45	11.16	11.97
5.93	6.45	11.27	11.97
5.93	6.45	11.27	11.97
5.93	6.55	11.25	11.97
5.83	6.55	11.25	11.87
6.81	6.55	11.27	11.85
6.81	6.55	10.22	10.82
6.48	7.53	11.49	11.16
6.48	7.20	10.46	11.52
6.26	7.22	10.82	11.52
7.24	6.88	10.82	11.87
5.93	7.85	9.79	10.84
6.91	6.45	10.14	11.28
6.59	6.12	10.58	11.28
7.56	7.10	10.56	10.26
7.13	6.88	10.92	10.60
8.11	7.85	11.27	10.94
7.79	7.53	10.24	9.91
7.46	7.20	9.21	10.15
7.24	8.18	9.45	10.50
8.23	7.85	9.78	10.84
7.89	7.53	10.14	9.81
7.56	8.08	9.11	10.24
9.93	9.11	9.79	9.57
9.24	8.76	8.76	9.91
8.80	8.40	9.21	10.26
8.44	9.45	9.55	9.23
8.13	9.21	8.51	9.81
9.16	9.90	7.85	9.81
8.90	9.55	8.08	9.12
9.59	10.56	8.40	9.47
9.26	10.22	9.11	8.42
8.90	9.43	8.08	9.23
9.93	9.45	8.40	8.20
10.87	10.14	8.76	8.52
10.19	9.78	7.75	8.88
9.83	9.43	7.22	8.20
9.48	10.48	7.53	7.12
10.51	9.88	7.85	7.44
10.29	10.92	7.20	6.79
11.30	10.58	7.43	6.89
10.63	10.24	6.45	7.22
11.64	11.16	6.77	6.57
11.20	10.82	7.10	5.59
10.86	10.48	6.24	5.92
11.90	11.49	6.55	6.24
11.54	11.15	6.88	6.47
11.20	12.18	5.90	5.49
12.57	11.83	6.23	5.49
12.23	11.94	5.27	5.81
12.01	11.59	6.57	6.24
11.99	12.62	5.57	6.24
11.64	12.64	5.47	6.24
11.66	12.52	5.49	6.24
11.66	11.15	5.49	6.24
11.54	11.15	5.57	6.24
11.90	12.86	6.55	7.22
11.90	11.49	6.23	6.89
10.87	12.18	6.88	6.57
11.56	11.15	6.57	7.22
10.86	11.83	7.22	6.57
11.54	11.16	6.55	7.15
10.86	10.48	8.18	7.77
10.17	9.79	7.55	8.09
9.48	9.55	7.85	8.42
9.26	10.22	9.79	9.12
10.29	9.90	8.76	9.47
9.59	9.21	7.75	8.78
9.24	10.12	9.79	10.50
8.54	9.55	9.11	9.81
9.26	9.09	9.45	10.15
7.56	8.40	10.14	10.84
8.21	7.75	9.45	10.26
7.56	7.10	10.24	10.92
6.91	7.75	10.92	10.60
7.13	8.08	10.58	11.28
6.48	7.43	10.24	10.94
6.81	6.55	10.91	11.87
7.13	6.88	10.92	11.51
6.16	7.20	10.48	11.18
6.48	7.20	10.14	11.16
6.59	7.53	10.14	10.84
6.91	6.55	11.15	12.21
6.91	6.55	11.15	11.87
6.91	6.55	11.15	11.87
6.91	6.45	11.16	11.87
6.91	6.45	11.16	11.87
6.91	6.47	11.16	11.85
6.91	6.45	11.16	11.85
6.91	6.45	11.16	11.97
6.91	6.45	11.16	11.97
6.91	6.45	11.15	12.31
6.59	6.12	10.24	11.28
7.56	7.10	10.58	11.63
7.24	6.77	10.91	11.63
5.83	7.85	11.25	10.60
6.81	6.55	10.24	11.18
6.48	7.20	10.48	11.18
6.16	8.18	9.45	10.50
8.23	7.85	9.79	10.84
7.89	7.53	10.14	9.81
7.56	7.10	10.48	10.26
7.24	7.75	9.79	10.94
7.89	8.76	8.87	9.91
7.46	8.18	9.21	10.15
8.11	7.85	9.90	9.47
7.89	8.87	8.76	9.81
8.56	9.54	8.08	9.12
8.21	9.11	8.40	9.57
9.14	8.40	9.21	8.88
8.45	9.45	9.90	9.57
9.14	10.12	8.87	8.42
8.80	9.90	8.18	9.12
9.48	10.58	8.51	8.09
9.24	9.90	7.75	8.78
10.27	9.55	8.08	9.23
9.60	10.14	7.43	7.22
11.90	9.78	6.79	7.87
11.22	10.46	7.20	6.89
10.51	10.12	6.55	7.12
11.54	11.15	6.88	6.47
11.20	10.48	6.24	5.49
12.25	11.59	6.55	7.12
11.54	11.25	6.88	6.47
11.32	12.30	5.92	5.59
10.96	11.94	6.14	6.89
11.99	11.59	5.15	6.24
12.01	11.15	5.49	6.24
11.54	12.52	5.47	6.57
11.54	12.18	5.57	6.57
11.54	12.18	5.57	6.24
11.56	11.15	5.59	6.14
11.88	11.51	5.27	5.81
10.86	11.94	5.92	6.47
11.32	12.30	6.57	7.12
10.62	11.61	7.10	6.57
11.32	10.92	6.45	7.22
10.98	10.46	6.77	7.55
10.27	11.15	7.10	9.23
9.95	9.45	7.43	8.20
9.48	9.11	7.85	8.52
9.16	8.87	8.18	9.12
8.90	9.88	8.40	9.47
9.93	9.54	8.76	9.81
7.89	8.76	9.45	10.14
7.56	8.40	10.14	10.82
8.21	7.75	10.48	10.26
7.56	8.40	9.79	10.92
8.21	6.77	9.55	10.24
7.46	7.10	10.24	11.28
6.81	6.55	11.27	10.50
7.13	6.88	10.92	11.52
6.16	7.20	10.48	11.18
6.48	7.53	10.12	10.84
6.59	6.55	11.16	12.21
6.91	6.55	11.15	11.85
6.91	6.55	11.16	11.87
5.93	6.88	11.16	11.52
5.93	6.77	12.54	11.51
5.93	6.77	11.15	10.26
5.93	6.77	11.15	10.26
5.93	6.88	11.27	11.97
5.83	6.88	11.27	11.97
5.83	6.55	11.27	11.85
6.81	6.55	10.24	11.18
6.48	6.23	10.48	11.52
6.26	7.20	10.82	10.15
7.24	6.88	9.79	10.50
6.91	6.45	10.24	11.28
6.59	7.10	10.58	10.26
7.13	6.88	9.90	10.50
6.81	7.85	10.14	11.18
7.46	7.20	9.11	10.14
7.24	6.88	9.79	10.84
7.89	7.43	10.48	9.91
7.56	8.08	9.45	10.60
8.21	9.11	8.87	9.91
8.80	8.40	9.21	10.26
9.83	9.09	8.51	9.57
9.14	9.90	7.85	8.78
8.44	9.55	8.40	9.47
9.24	8.87	7.75	8.88
10.27	10.82	8.40	8.20
9.60	10.12	9.11	8.52
10.29	9.78	8.08	7.87
9.60	10.48	7.44	7.22
10.51	9.78	6.88	7.87
11.20	10.46	7.53	8.20
10.51	10.14	7.85	7.44
11.54	12.18	7.20	6.89
10.87	11.83	7.55	7.22
11.90	11.49	5.59	7.48
11.54	12.52	5.92	6.57
12.57	11.83	6.24	6.89
12.23	11.49	5.25	5.81
11.90	11.49	6.57	6.14
11.54	12.52	5.57	6.14
11.56	11.25	5.59	6.14
11.66	11.27	5.49	6.26
13.36	12.62	6.50	6.24
12.01	11.61	6.14	6.89
10.96	11.83	5.47	6.24
11.64	12.54	7.10	6.89
10.96	11.49	6.45	7.22
11.64	11.15	6.77	8.88
11.32	10.82	7.10	7.87
9.59	10.48	8.40	8.20
9.24	10.12	8.76	9.91
10.27	10.14	7.75	8.52
10.27	9.79	8.08	10.26
9.93	8.08	8.40	9.57
9.14	7.75	9.21	9.91
7.46	8.51	9.55	10.15
7.13	8.18	10.14	10.84
6.81	7.85	9.45	10.15
7.56	7.20	10.14	11.16
6.91	6.45	11.16	10.50
7.24	6.77	10.82	11.63
7.58	6.12	11.51	11.28
6.91	6.45	11.16	12.31
6.91	5.47	11.27	10.60
5.93	5.57	11.27	11.95
5.83	5.57	12.54	11.87
5.83	5.57	12.52	11.87
5.83	5.57	11.16	11.87
5.93	5.57	11.16	11.87
5.93	5.57	11.16	11.87
5.93	6.45	11.15	11.85
6.91	6.45	11.51	10.94
6.91	6.45	11.51	11.28
6.59	7.10	10.92	11.63
6.26	6.77	10.91	10.60
6.81	6.55	10.24	10.84
6.48	7.53	10.56	10.15
6.16	6.88	9.45	10.50
6.91	7.80	10.14	11.18
6.59	7.10	9.11	10.26
7.24	8.08	9.90	10.94
7.79	7.43	9.21	10.26
8.44	8.18	9.90	10.50
9.14	8.87	9.21	9.81
8.44	9.55	9.55	9.12
8.21	8.87	8.76	9.81
8.90	9.55	8.08	9.12
9.60	10.14	8.76	8.52
8.90	9.45	8.08	9.23
9.48	10.12	7.85	8.52
10.17	9.79	7.22	9.23
9.50	10.12	7.87	8.42
10.17	11.15	7.20	6.79
10.87	10.24	6.55	7.12
11.56	11.27	5.90	6.47
10.96	10.58	6.12	5.92
12.01	11.59	5.47	6.57
11.32	12.19	5.81	5.59
10.86	11.85	6.16	5.92
11.88	12.86	6.47	6.24
11.54	11.15	5.59	5.27
11.22	12.18	5.59	6.47
11.20	12.18	5.59	5.16
11.32	12.28	5.59	6.14
11.66	12.62	5.27	5.92
12.01	11.59	5.81	6.57
12.33	11.83	6.14	6.89
12.01	12.86	6.45	7.55
11.30	10.91	8.08	7.77
10.96	12.28	7.10	9.12
10.98	10.58	8.51	8.09
9.24	10.22	7.43	9.47
9.26	10.24	8.76	9.81
8.90	8.51	9.11	9.81
8.54	9.79	9.45	10.15
8.54	8.08	9.79	10.84
8.21	7.75	10.14	11.28
7.89	7.43	9.45	10.26
7.56	7.10	11.61	11.28
6.91	6.45	11.27	10.60
6.16	7.20	10.58	11.28
6.48	6.55	10.24	12.21
5.83	5.57	11.16	12.21
7.13	6.88	11.15	11.87
6.16	5.92	11.16	11.87
6.26	5.92	11.15	11.87
6.26	5.92	11.15	11.87
6.26	5.80	11.16	11.87
6.26	6.77	11.15	11.97
6.26	6.77	11.15	11.97
7.24	6.77	11.15	11.97
5.93	5.47	11.59	11.28
6.81	6.55	10.58	11.63
6.48	7.20	11.27	11.87
7.13	6.88	10.24	10.84
6.81	6.55	10.48	10.15
7.46	7.20	9.79	10.50
8.21	7.85	10.14	9.81
6.59	8.40	9.45	10.60
7.24	7.75	10.14	9.91
7.91	8.40	9.55	10.60
8.13	7.75	8.87	9.91
8.80	8.51	8.18	9.47
9.48	9.19	9.11	9.81
8.92	9.90	9.79	8.09
9.60	9.19	7.75	8.88
8.90	9.45	7.43	9.91
9.14	10.12	6.88	7.87
9.84	10.80	7.53	7.13
10.51	10.24	8.18	7.77
11.20	10.80	6.55	7.12
10.53	11.59	6.88	6.47
11.20	10.92	6.24	5.81
12.33	11.59	5.59	6.57
11.64	12.30	5.81	5.59
12.69	11.95	5.16	5.92
12.23	11.51	6.45	6.24
11.88	11.49	5.49	6.24
13.26	12.86	5.47	6.24
11.56	11.51	5.59	6.24
11.88	12.86	5.27	5.92
11.88	11.83	5.92	6.57
11.22	12.18	6.23	6.79
11.90	11.49	6.57	7.12
11.20	12.18	6.89	8.85
10.86	10.48	8.18	7.87
10.86	10.46	8.18	9.23
10.86	10.48	8.51	9.57
9.14	9.09	8.51	9.57
9.14	8.76	10.24	9.91
8.80	8.76	9.21	9.91
7.46	8.51	9.55	10.15
8.44	8.18	11.16	10.84
8.11	6.88	10.48	11.18
6.48	7.53	9.79	10.84
7.24	6.88	10.82	10.15
6.59	7.43	11.85	11.18
5.93	6.45	11.16	12.21
6.26	6.77	11.15	11.87
6.26	7.10	11.16	11.94
6.26	7.10	11.16	11.97
6.26	7.10	11.16	11.97
6.26	7.10	11.16	11.97
6.26	5.80	11.27	11.97
6.26	5.90	11.27	11.97
7.13	6.88	11.61	11.28
6.81	6.55	10.58	11.18
6.48	6.23	10.82	10.15
6.19	6.88	10.14	10.84
6.91	6.55	10.48	11.18
7.56	7.20	9.78	10.50
7.24	7.75	10.14	9.91
7.56	8.40	9.55	10.60
8.11	7.75	9.21	9.91
7.46	8.18	9.90	9.47
9.48	8.87	9.21	10.15
8.44	8.18	8.76	9.81
9.24	8.51	8.08	9.23
9.60	9.11	7.75	8.88
9.84	9.45	7.53	8.52
9.14	9.78	7.22	8.09
9.48	10.56	7.85	8.78
10.27	10.92	7.53	7.12
10.62	11.59	5.92	6.57
11.30	10.58	6.45	7.22
12.01	11.49	5.80	6.57
11.30	11.83	6.14	5.92
12.23	11.49	6.45	6.24
11.54	12.52	5.49	6.57
11.22	12.18	5.57	6.57
11.20	12.18	5.59	6.24
11.22	12.52	5.27	5.81
11.54	12.54	5.92	6.47
11.88	11.83	7.20	7.77
11.54	11.15	7.55	6.79
11.20	10.82	7.55	8.09
10.86	10.82	8.51	8.09
9.84	9.54	8.51	9.47
9.83	9.55	8.51	9.47
8.80	9.90	9.84	10.50
8.80	8.87	9.90	10.84
7.79	8.85	10.12	10.82
7.79	7.85	10.48	10.15
6.59	7.53	11.15	11.87
6.26	6.23	10.48	11.52
5.93	6.77	11.51	12.21
6.59	6.12	11.15	10.50
5.61	6.45	10.80	11.97
5.93	5.49	10.91	11.63
5.83	5.57	10.91	11.85
6.81	6.55	10.82	11.87
5.51	6.55	11.16	11.87
5.61	6.23	11.15	12.21
5.28	7.20	10.14	11.18
5.93	5.49	10.82	11.63
6.59	7.43	11.15	10.94
6.26	6.77	10.58	11.63
6.81	6.55	9.90	10.84
7.46	6.88	9.21	10.15
7.87	7.53	9.79	9.81
7.24	7.75	9.45	10.51
7.56	8.08	9.11	9.91
7.79	8.76	9.90	9.57
9.83	9.11	8.18	9.57
10.17	9.45	7.85	8.78
9.14	9.88	7.53	8.42
9.59	10.24	8.40	8.09
9.95	10.58	6.79	7.87
10.27	11.16	6.45	7.22
10.96	10.12	7.10	6.89
11.20	10.80	6.55	7.55
11.90	11.51	5.90	5.59
11.22	11.83	5.25	7.12
11.90	12.86	5.59	6.24
12.91	12.18	5.59	5.16
12.59	11.83	5.57	6.14
12.57	11.85	6.55	6.14
12.57	11.83	6.23	5.49
11.20	12.62	6.55	5.81
11.88	11.59	6.55	7.12
11.54	11.25	7.85	8.42
11.20	11.27	7.85	8.42
11.54	11.16	9.21	8.52
10.17	10.14	8.87	9.91
9.14	9.11	8.87	9.91
8.11	9.21	10.24	9.91
8.44	8.18	9.21	10.15
7.46	7.20	10.82	10.15
7.46	7.53	11.49	10.84
6.26	6.23	10.48	11.52
7.24	5.92	11.49	10.84
5.61	5.15	11.16	11.97
5.93	6.77	10.92	11.97
6.26	5.80	10.92	11.63
6.16	5.92	10.92	11.52
4.85	5.92	10.82	11.52
5.93	6.88	11.16	10.15
5.93	5.57	11.16	10.50
5.61	6.45	11.51	11.28
5.28	7.10	10.92	10.26
5.83	5.59	9.90	12.21
6.48	6.24	10.48	11.16
7.24	6.88	9.79	12.19
6.59	7.53	9.11	10.26
7.24	7.75	9.79	10.94
7.56	7.10	9.55	10.26
9.48	8.76	8.87	9.91
8.45	9.21	8.51	9.47
8.80	9.55	9.21	9.12
9.16	8.51	9.11	8.78
9.60	9.21	8.40	9.81
9.93	9.43	8.08	9.57
10.27	9.43	7.75	8.88
10.62	10.12	7.43	7.22
11.20	10.48	7.10	5.59
10.19	11.15	6.57	6.24
10.86	11.49	5.90	6.47
11.56	12.18	5.27	5.81
12.23	13.21	5.59	6.14
11.54	11.25	5.57	5.27
11.30	12.30	5.47	5.28
12.59	11.83	5.49	6.26
12.25	11.83	6.12	6.89
11.20	12.18	6.45	7.22
13.26	12.86	6.79	7.55
11.32	10.86	8.08	8.78
10.98	10.58	8.08	8.78
10.96	10.58	9.45	8.78
9.83	10.92	7.85	9.81
8.90	9.90	9.11	9.81
9.24	8.87	9.11	9.81
8.21	9.21	10.48	10.15
7.24	8.18	10.82	10.50
7.56	7.20	10.14	10.84
6.26	7.12	10.82	11.63
6.26	7.10	11.16	10.60
5.93	5.59	10.92	11.63
5.18	6.23	10.92	11.52
5.51	5.27	11.85	11.52
5.61	5.27	11.85	11.52
5.61	5.16	12.19	11.52
6.59	5.15	10.82	11.63
6.26	5.80	11.27	11.97
5.93	5.59	10.24	12.21
5.51	5.27	10.48	11.52
6.26	7.22	11.16	11.87
6.91	6.57	10.48	11.16
6.26	7.20	9.45	10.50
6.91	6.45	10.14	9.91
6.16	6.88	9.90	10.84
7.79	7.53	9.21	10.15
7.13	7.85	8.76	9.81
7.56	8.08	8.08	9.57
7.79	8.40	7.85	10.60
8.11	9.11	7.55	8.42
8.54	9.55	8.40	8.09
8.90	9.45	6.77	9.23
9.24	9.78	7.85	7.55
9.48	10.48	7.55	8.09
9.84	10.82	6.88	7.77
11.90	11.15	6.55	7.12
10.87	11.61	5.90	6.47
11.59	10.91	6.23	5.92
12.35	11.61	5.21	6.24
11.66	12.18	5.49	6.24
12.69	11.83	5.49	6.24
12.25	13.21	5.16	7.22
12.33	11.83	5.80	5.59
12.59	12.18	6.14	6.89
11.88	11.49	6.47	8.20
11.30	11.15	7.43	7.22
11.32	11.15	8.76	8.20
9.95	9.79	8.76	9.47
10.27	10.12	8.40	9.57
9.26	10.46	9.79	10.50
8.54	9.55	9.79	10.50
8.90	8.87	9.79	10.84
6.91	7.85	10.48	11.18
5.93	6.77	10.82	11.87
5.93	6.77	11.49	12.21
5.61	6.45	10.82	11.63
5.28	6.14	10.92	11.63
5.51	5.27	11.94	11.52
4.53	5.57	11.85	11.52
4.63	5.25	10.82	11.52
5.61	5.15	10.92	11.63
6.59	5.20	11.27	11.97
6.16	5.92	11.61	12.21
5.83	6.55	11.94	11.52
6.48	6.24	11.27	11.87
5.83	5.57	10.48	9.81
6.59	6.23	9.79	10.87
6.91	6.45	9.21	10.26
6.16	8.18	10.24	9.81
7.79	7.53	9.55	10.50
8.11	7.85	9.11	10.15
8.54	9.21	8.76	8.42
8.90	9.43	8.40	9.57
9.24	9.79	8.08	9.23
9.48	8.76	7.85	8.88
9.50	10.48	7.53	8.42
9.83	10.80	7.20	6.79
10.17	10.91	6.88	6.47
10.62	11.25	7.43	7.12
10.96	11.59	5.80	6.57
13.02	10.91	6.14	5.92
12.01	11.49	6.45	6.24
11.20	12.19	5.49	6.24
12.25	13.21	5.49	6.24
11.90	11.49	5.25	7.22
13.62	13.21	5.81	6.57
12.23	11.85	7.10	7.87
11.64	12.52	7.12	6.89
11.30	12.18	7.10	9.12
11.30	11.27	8.08	9.12
10.17	10.22	8.18	10.15
9.14	9.21	9.21	10.15
9.83	9.55	9.21	9.81
8.80	8.87	9.11	9.81
8.21	6.88	10.82	10.15
7.56	7.20	9.79	10.84
6.59	7.43	11.85	11.51
6.59	6.45	11.16	11.97
6.26	6.12	10.91	11.63
4.63	5.57	11.95	13.00
4.85	5.92	11.95	11.52
4.85	5.90	11.83	11.52
5.93	5.57	12.18	11.52
4.63	6.55	10.80	11.87
5.61	5.15	11.16	12.31
4.96	5.81	10.58	11.63
6.81	6.57	10.92	10.60
6.16	5.90	10.14	11.18
6.81	6.55	9.45	10.50
6.26	6.77	10.48	11.18
6.59	8.40	9.79	10.94
6.91	7.43	9.55	10.60
7.13	7.75	9.21	10.15
7.46	8.18	8.87	9.81
8.80	8.51	8.40	9.47
9.24	8.87	8.08	9.23
9.59	8.76	7.75	8.88
9.83	10.48	6.55	8.52
9.84	10.82	7.20	6.81
10.17	10.92	6.88	7.77
10.51	11.27	6.57	7.12
10.87	11.61	5.90	6.47
11.30	11.95	6.23	5.93
12.01	12.62	6.55	6.24
11.30	13.65	5.59	5.27
12.33	12.97	5.49	6.24
11.99	12.86	5.16	5.92
12.01	12.86	6.45	7.22
12.35	11.94	6.77	7.55
11.66	12.97	6.88	7.44
11.64	11.27	7.85	8.78
11.56	11.25	7.85	9.81
10.51	10.46	8.87	9.47
9.83	9.43	8.87	9.47
9.16	8.87	10.24	10.84
8.11	8.18	10.24	10.84
7.46	7.53	10.58	11.18
6.81	6.89	10.82	11.52
7.13	5.92	11.49	11.18
5.93	5.90	11.16	11.87
4.63	5.57	10.80	11.52
4.96	5.80	11.83	11.63
5.28	4.92	11.94	11.63
5.18	4.94	11.83	11.51
4.96	5.92	10.82	11.52
5.93	5.59	11.16	10.50
5.61	6.12	11.49	11.28
4.96	5.92	10.92	10.26
5.51	6.23	11.15	12.21
7.13	6.88	10.82	10.15
6.59	6.23	10.14	11.18
6.91	7.53	9.45	10.50
7.24	6.77	9.11	10.26
7.56	8.08	8.87	9.91
7.79	8.51	8.51	9.45
9.14	8.87	8.08	9.12
8.23	9.11	7.75	8.88
9.93	9.11	9.11	8.52
9.83	9.45	7.53	8.20
10.17	9.43	7.20	6.79
10.19	9.88	6.88	7.44
10.63	11.59	6.12	5.92
10.96	11.83	6.77	6.57
11.30	11.83	6.12	5.92
11.88	12.52	6.47	6.24
12.57	11.83	5.47	6.57
11.88	12.86	5.49	6.26
11.54	12.52	5.27	5.92
12.93	12.52	6.77	7.55
11.88	12.86	6.77	6.57
11.22	12.18	6.79	7.87
12.69	10.80	8.08	8.88
11.30	10.91	7.75	8.42
10.27	10.24	8.76	9.81
9.59	9.55	9.11	9.47
8.90	8.51	10.14	10.84
8.21	9.21	10.14	10.84
7.56	7.53	10.14	11.18
6.91	6.89	10.82	11.52
6.26	7.10	11.51	11.18
6.26	5.80	11.16	10.26
5.93	5.47	10.92	11.63
5.18	6.23	11.95	11.16
5.51	5.25	10.48	11.18
5.61	5.27	10.48	11.52
5.28	4.82	10.92	11.63
4.96	5.90	11.27	11.87
5.51	5.27	10.14	11.18
6.26	5.90	10.82	10.15
6.91	6.45	11.51	12.21
6.26	5.80	10.80	10.26
6.59	7.43	10.24	9.91
6.81	6.55	9.55	10.84
7.13	7.85	9.21	10.15
7.56	8.18	8.76	9.81
7.56	8.08	8.40	9.57
7.80	8.40	8.18	9.57
9.14	8.87	8.18	9.12
9.48	10.24	7.85	8.78
9.59	10.22	7.53	8.42
11.30	10.56	8.51	6.79
9.95	12.28	6.89	6.47
11.66	12.28	6.45	7.22
11.99	11.25	5.81	6.59
10.96	11.49	6.14	5.92
11.54	12.18	5.47	6.24
12.23	12.86	5.49	6.57
13.27	14.23	5.47	6.24
13.02	12.52	6.12	5.59
11.66	12.54	7.43	6.89
12.35	13.31	6.55	8.09
11.66	12.62	7.55	8.09
11.54	11.27	7.53	8.09
10.51	10.22	8.51	9.12
11.20	10.80	8.20	8.78
8.80	8.87	9.55	10.15
9.83	9.52	9.55	10.15
7.79	7.85	9.90	10.50
7.13	7.20	10.14	10.84
6.59	6.55	10.48	11.18
5.61	6.47	11.15	11.87
5.61	5.15	10.92	11.63
6.26	4.94	10.92	11.63
5.51	5.25	10.48	11.52
5.61	5.25	11.85	11.52
5.61	6.23	10.82	11.52
5.28	4.84	11.16	11.97
5.93	5.47	10.24	12.31
6.48	6.23	11.95	11.63
5.83	5.59	9.79	10.84
5.28	6.24	10.48	10.15
6.91	6.45	10.14	11.28
7.24	6.77	9.55	10.60
7.46	7.10	9.21	10.15
7.79	8.51	8.87	9.81
7.89	7.55	8.40	9.47
8.23	7.75	8.08	9.23
9.48	9.11	7.85	9.23
9.83	9.11	7.85	8.78
9.83	10.58	7.53	7.12
9.93	10.92	7.20	6.79
10.29	10.91	6.77	6.57
10.27	11.15	6.45	7.22
11.88	11.15	5.80	5.59
10.86	11.49	5.25	7.22
11.20	12.19	5.59	5.16
13.62	12.86	5.59	6.57
12.93	12.52	5.59	6.24
12.57	12.18	6.24	5.59
12.59	13.55	7.53	5.92
13.27	11.49	6.57	7.22
11.20	12.52	7.43	7.22
11.22	11.15	8.40	8.20
10.17	10.12	9.79	9.23
9.60	10.80	9.45	10.15
8.90	8.87	9.11	10.15
8.54	9.45	9.45	10.15
7.89	7.75	9.45	10.26
7.56	8.40	9.79	10.60
6.91	6.53	11.59	11.28
5.83	6.88	11.27	11.87
5.83	5.57	10.82	11.52
5.51	5.27	10.80	11.51
4.63	5.47	11.83	12.90
4.63	5.47	11.85	11.63
4.63	4.29	10.91	11.52
5.18	6.24	11.16	10.50
5.93	5.57	11.49	11.18
6.59	6.24	10.80	11.52
5.93	6.45	10.14	11.28
6.26	5.80	9.55	10.60
6.48	6.24	10.46	9.79
6.91	6.55	9.79	10.84
8.21	7.85	9.45	10.48
7.24	7.75	9.11	10.26
8.54	8.08	9.21	9.91
8.44	8.08	7.53	8.42
8.80	9.55	7.43	8.09
8.92	11.15	8.40	8.20
10.27	9.78	8.08	7.87
10.62	11.15	7.75	7.55
10.62	11.16	6.12	5.92
10.86	11.49	5.90	6.57
12.59	11.83	6.24	5.92
11.54	12.18	5.59	6.24
12.25	12.86	5.92	6.57
12.91	12.52	5.57	6.24
12.59	13.55	6.23	5.59
12.59	12.18	6.23	6.89
11.54	12.52	7.53	6.89
12.59	12.18	8.40	6.91
11.20	12.52	8.08	8.88
11.64	10.24	7.75	9.81
9.60	9.55	9.11	9.81
9.24	9.21	10.12	10.84
8.90	8.51	10.14	10.84
7.24	8.18	10.46	11.18
6.91	7.85	10.80	10.15
6.26	6.12	11.15	11.87
5.61	5.15	10.92	11.63
5.28	5.27	11.94	11.63
4.85	4.61	11.85	11.52
5.28	4.92	10.46	11.52
5.28	4.82	11.85	11.63
4.96	4.61	12.28	11.97
5.61	5.25	11.59	12.55
4.84	5.57	10.82	11.52
5.28	5.92	11.49	11.18
6.59	6.23	9.45	10.60
6.91	7.43	10.46	10.26
6.91	7.43	10.24	9.91
6.81	7.53	9.90	9.47
9.48	8.87	9.55	10.50
9.14	8.87	9.55	9.12
9.16	8.87	9.45	9.12
9.24	9.90	7.75	8.78
9.24	9.78	7.75	7.55
10.53	11.15	7.43	7.22
10.86	11.49	7.10	6.89
10.86	11.49	5.59	6.57
12.59	11.83	6.23	5.92
12.93	12.18	5.59	5.28
11.88	12.86	5.92	6.57
12.59	12.18	5.59	5.28
12.23	13.21	6.23	6.89
12.25	11.83	6.23	6.89
12.91	12.54	6.24	6.89
12.25	12.18	8.40	7.87
10.86	10.82	9.45	8.88
10.27	11.15	8.76	9.81
9.59	9.55	9.79	9.47
9.26	9.11	9.79	10.50
9.24	8.87	9.79	10.48
7.56	7.43	10.14	10.84
7.24	7.10	10.48	11.28
5.61	5.49	11.27	11.97
5.93	5.90	10.58	12.66
5.83	4.61	11.83	11.18
4.30	5.27	11.85	11.18
4.63	4.18	11.85	12.55
4.63	4.29	10.92	11.63
4.20	4.92	11.16	11.87
5.85	5.59	10.46	11.18
4.96	5.80	10.82	11.85
5.28	5.80	10.58	10.26
6.48	7.20	10.24	11.18
6.16	7.20	9.55	10.84
6.26	6.88	9.45	10.50
7.24	7.75	9.11	10.26
8.21	8.76	7.85	10.26
9.14	8.76	7.85	8.88
9.14	9.79	7.85	8.78
10.17	9.88	7.85	7.44
10.27	11.25	7.53	7.12
11.56	12.28	6.24	6.79
11.66	12.62	5.92	6.47
11.99	12.62	5.27	6.14
12.33	12.97	5.57	6.47
13.03	13.65	5.59	5.16
12.33	13.31	5.59	6.14
12.01	12.97	6.23	5.49
13.62	12.97	6.23	6.79
12.59	13.89	7.20	7.77
12.59	12.18	7.85	8.52
11.20	11.15	8.76	9.91
10.63	10.48	9.79	10.50
10.27	10.22	9.45	9.81
9.84	9.88	9.21	11.18
8.44	7.20	10.48	11.18
7.13	7.20	11.16	11.87
5.83	6.88	10.14	11.18
5.28	5.27	10.82	11.52
5.61	5.15	11.85	12.66
4.30	5.25	11.59	12.66
3.65	4.61	11.49	11.18
3.98	4.94	10.46	11.51
4.96	4.51	10.92	11.97
4.30	3.96	11.49	11.18
4.63	4.29	10.82	11.52
4.96	5.49	10.56	11.28
5.93	5.59	9.90	10.84
5.83	6.55	9.45	10.50
7.89	7.20	9.45	10.50
7.56	8.08	9.11	10.26
8.21	7.75	7.85	9.23
9.16	8.40	8.20	9.12
8.80	9.55	8.18	9.47
9.95	10.56	8.18	7.77
10.98	10.24	6.77	6.57
10.62	11.59	6.45	6.24
12.01	11.49	6.12	5.59
12.23	12.86	5.47	6.24
12.59	13.21	5.80	6.57
13.36	12.54	5.47	6.57
13.03	13.63	5.25	6.89
13.03	13.99	6.55	7.12
13.27	12.86	6.55	7.12
11.54	12.86	8.51	9.23
11.88	13.21	8.08	8.88
11.32	11.15	8.76	9.47
9.59	10.56	9.45	10.50
9.24	9.21	9.45	10.15
9.24	9.21	9.45	10.15
6.91	7.85	11.16	10.50
6.59	6.55	11.51	12.21
6.26	6.12	10.82	11.52
5.61	5.15	11.85	11.28
5.61	4.29	11.95	12.66
3.86	4.92	11.85	11.18
4.30	3.96	11.85	11.52
4.30	4.82	10.92	11.63
3.64	4.29	11.49	11.18
4.96	4.61	10.82	11.87
5.28	5.80	10.48	11.28
6.26	6.77	9.90	10.94
5.83	6.57	9.55	10.50
6.91	7.53	9.43	10.50
7.56	8.18	9.11	9.12
8.21	8.76	9.11	9.23
8.80	9.43	8.18	9.23
9.83	9.11	8.18	8.09
10.86	10.22	8.18	6.79
10.51	11.27	6.88	6.47
11.56	12.28	6.55	6.14
11.56	12.28	6.23	6.79
13.27	12.52	5.59	6.47
12.23	12.86	5.92	5.49
12.93	13.89	5.57	5.18
12.57	11.83	5.25	6.79
12.57	13.55	6.55	5.81
13.27	12.86	7.53	8.20
11.56	12.86	8.40	7.87
11.90	11.83	9.11	8.88
11.32	11.27	8.76	9.47
9.59	10.91	9.55	10.15
9.48	9.55	10.92	10.15
8.11	8.18	9.55	10.15
8.11	6.88	11.15	10.50
6.81	6.88	11.51	10.84
5.28	5.27	10.80	11.52
4.63	5.47	11.83	11.28
4.63	4.29	11.94	12.55
5.18	3.96	11.49	11.18
3.31	5.25	11.85	11.52
4.29	3.89	10.92	10.26
3.55	5.57	11.51	11.16
3.98	5.92	10.82	10.26
5.28	4.84	11.59	11.28
6.16	5.90	9.90	10.82
5.83	5.57	9.45	10.84
6.91	7.43	9.45	10.60
7.56	8.08	9.21	10.26
8.11	8.76	9.21	9.23
8.80	9.43	8.18	9.12
9.83	9.21	8.18	8.09
10.86	10.24	8.18	7.77
10.29	11.27	6.88	6.47
11.64	12.28	6.57	6.14
11.64	12.28	6.23	5.92
11.66	12.30	5.49	6.57
13.70	12.97	5.90	6.57
13.02	12.28	5.90	6.47
12.69	13.31	5.25	5.92
12.69	13.65	6.55	5.81
13.26	12.86	7.53	6.79
12.91	12.86	8.51	9.23
11.90	11.83	9.45	8.88
11.30	11.25	8.76	9.47
9.59	9.55	9.45	10.15
9.59	9.54	10.48	9.81
8.21	8.18	9.45	10.15
8.21	6.88	11.16	10.50
6.91	6.77	11.51	10.84
5.28	5.16	10.92	11.63
4.63	5.59	11.61	12.66
4.51	4.61	11.49	12.55
4.30	3.96	11.51	12.55
4.63	4.18	11.85	12.55
3.33	5.27	10.92	11.63
4.85	4.61	11.51	11.18
5.28	4.94	10.82	11.52
5.28	4.82	10.24	11.28
5.28	5.92	10.24	11.16
5.83	6.55	9.79	10.84
7.89	7.20	9.78	9.47
8.56	6.77	8.40	9.57
7.79	8.40	8.87	8.52
8.44	9.21	9.21	8.78
9.14	9.90	7.85	7.44
11.30	10.58	6.47	7.22
10.62	11.49	6.45	7.22
13.36	12.28	6.12	6.89
11.64	12.28	5.49	6.57
14.73	13.99	4.92	5.59
13.72	14.23	5.90	6.47
12.91	13.89	5.25	6.79
12.91	13.89	6.57	5.92
13.62	13.55	7.12	6.89
13.62	13.21	7.75	8.52
11.30	12.62	8.51	9.47
10.87	10.91	9.21	10.15
9.48	9.45	10.24	10.94
8.44	9.79	9.90	10.60
8.80	8.76	9.90	10.60
6.81	6.88	10.58	11.28
5.83	6.88	12.30	10.15
5.51	5.57	11.83	12.55
3.65	4.61	11.51	12.21
3.65	3.52	11.61	12.31
4.30	3.96	11.83	11.18
4.30	3.96	10.82	11.52
3.98	3.53	11.61	12.66
5.28	4.92	10.92	10.50
5.16	4.94	10.48	10.15
5.93	5.47	9.21	9.91
6.48	7.20	10.24	9.81
6.81	7.53	8.76	9.81
7.24	7.75	9.11	8.88
8.54	9.11	9.45	9.23
8.80	9.43	7.20	8.20
10.53	11.15	7.20	6.79
10.86	11.49	7.22	6.79
11.56	12.18	5.90	6.47
12.57	13.21	6.55	6.14
13.62	13.21	5.90	5.59
13.94	13.55	5.90	5.59
13.26	14.23	5.47	6.57
14.63	14.23	5.81	6.57
13.70	14.68	6.89	6.47
13.62	13.21	7.53	8.09
12.59	12.52	9.45	8.88
10.96	12.18	8.76	9.47
10.96	9.88	9.11	10.15
8.92	8.87	10.14	11.18
9.48	8.18	10.48	11.18
6.16	7.53	11.85	11.52
6.48	6.55	11.16	11.87
5.61	5.25	11.83	12.55
4.96	4.90	11.51	12.21
3.98	3.96	11.59	12.31
3.65	4.61	11.51	12.55
3.98	3.64	11.83	11.51
3.65	3.31	11.27	10.60
3.88	4.61	10.46	11.52
4.96	4.61	10.14	11.28
4.63	5.27	9.90	10.84
6.16	6.88	9.45	10.84
6.59	7.20	9.45	9.47
7.89	8.40	8.40	9.57
9.16	8.40	8.51	8.52
9.48	9.81	7.85	8.78
9.48	10.24	7.85	7.77
11.20	11.94	6.88	6.47
11.88	12.62	5.59	6.47
12.59	11.94	5.27	7.12
12.57	13.31	5.92	5.49
13.94	13.55	4.94	5.49
14.63	13.89	5.90	6.47
14.29	13.89	5.27	6.89
13.26	14.23	6.14	6.89
12.93	13.89	8.08	8.78
13.27	13.21	7.53	8.09
11.54	11.51	9.21	9.91
10.17	10.12	9.78	9.57
9.26	10.46	9.45	10.26
8.54	8.40	9.45	10.26
7.89	6.45	10.82	10.26
5.93	6.88	11.27	11.97
5.83	4.94	11.95	12.54
4.53	4.61	11.49	12.21
4.96	3.64	11.49	12.21
3.65	4.51	11.59	12.30
3.00	2.66	11.51	12.55
3.98	3.64	10.82	11.61
4.30	3.96	11.61	11.23
3.21	3.96	11.16	10.50
5.28	4.84	9.55	10.60
4.51	5.27	9.45	10.15
6.26	6.55	9.45	10.24
6.26	6.77	8.18	9.57
7.46	9.55	8.51	9.47
10.19	9.21	7.85	8.78
10.27	10.56	6.89	7.77
11.64	10.91	6.88	6.47
12.01	12.62	5.57	6.57
12.69	13.31	5.25	6.23
13.62	14.23	5.90	5.49
14.99	14.22	6.23	5.59
13.96	14.92	5.85	6.57
13.62	14.58	6.12	6.57
14.05	15.35	7.20	6.47
13.94	13.55	8.87	7.22
13.27	13.21	8.08	8.88
11.64	11.49	9.79	9.12
10.63	10.56	9.21	9.81
9.84	9.88	10.24	10.84
8.11	8.18	10.24	10.84
6.48	6.55	10.48	12.21
5.83	5.90	11.83	11.52
4.96	4.94	12.86	11.87
3.65	4.51	11.22	11.97
3.98	3.64	11.16	12.21
2.33	3.31	11.51	12.21
3.65	3.29	10.58	11.16
3.22	3.96	11.15	12.21
3.33	3.86	10.92	11.97
4.30	4.92	10.58	11.52
4.51	4.29	10.14	9.81
4.96	5.47	9.21	9.91
6.16	7.85	9.11	10.15
7.24	7.85	8.08	9.57
9.59	8.40	7.43	8.52
9.14	9.79	7.85	7.55
10.17	10.82	6.88	7.44
11.88	12.18	6.55	6.14
12.25	12.86	5.27	7.12
12.93	13.55	5.90	6.89
13.96	14.90	5.16	5.92
14.29	13.89	5.80	5.59
15.68	15.02	6.24	5.54
14.65	14.23	6.24	6.47
12.91	14.23	7.87	8.52
12.23	12.18	9.79	9.23
12.33	12.28	8.51	10.50
11.56	10.12	9.21	9.91
9.50	9.45	10.24	10.94
7.89	9.09	10.20	12.31
6.59	6.45	11.59	11.28
5.93	5.90	11.94	11.28
5.18	5.25	11.16	11.85
3.98	4.92	11.16	11.85
4.30	2.88	11.27	11.97
3.00	2.66	12.86	11.87
2.02	3.93	11.49	12.19
2.66	2.33	11.16	11.87
3.98	4.61	10.82	10.14
3.65	4.27	10.58	11.20
5.18	5.90	10.14	11.16
5.28	5.90	9.11	10.22
6.26	6.77	9.21	9.23
7.13	8.87	8.51	9.47
9.14	9.88	8.87	8.78
10.27	10.56	6.89	7.77
11.32	11.94	6.88	6.47
12.69	13.31	5.59	6.47
12.91	13.55	5.59	6.14
13.62	14.23	4.92	5.49
14.99	15.61	6.23	5.92
15.31	14.58	5.81	6.57
15.09	14.68	5.90	5.49
14.30	13.89	6.88	6.47
12.91	14.23	7.53	8.20
12.57	12.18	7.77	9.91
11.30	11.59	9.11	9.81
10.51	10.91	9.90	10.50
10.51	9.11	9.55	10.26
8.80	8.76	9.90	10.60
6.16	7.53	11.27	11.85
4.51	5.90	11.49	12.21
4.94	4.94	11.16	11.87
3.65	4.51	11.16	11.97
2.68	3.64	11.16	11.87
3.33	3.31	11.16	11.87
3.31	2.98	11.95	11.52
2.57	3.64	11.15	12.21
3.65	3.19	10.92	10.60
3.22	3.96	9.45	10.50
4.63	5.16	9.55	10.60
5.83	5.27	9.45	10.50
6.91	7.20	9.79	9.47
7.56	9.09	8.76	8.52
9.48	10.14	6.89	9.23
10.51	11.15	7.20	6.89
11.54	12.18	6.23	6.89
11.54	12.18	5.90	5.59
13.27	14.23	6.88	6.57
14.29	13.55	6.12	5.92
14.30	13.55	6.12	6.89
14.99	15.61	5.57	6.14
14.97	14.56	5.59	6.24
14.30	14.23	7.43	6.89
13.72	13.31	8.11	8.78
11.88	11.95	8.18	8.78
10.86	12.18	9.90	10.60
10.63	10.46	10.48	11.18
8.90	8.87	10.46	11.18
7.46	8.87	10.82	11.52
6.16	6.24	11.15	11.52
5.61	5.57	11.49	12.21
4.63	4.51	12.18	11.61
3.00	2.98	12.18	11.87
3.00	2.98	11.16	11.87
2.35	3.31	11.59	12.21
3.22	2.98	10.82	11.51
3.65	3.21	10.56	11.28
3.22	3.96	10.12	10.84
4.96	4.51	9.90	10.94
5.18	5.92	9.90	10.84
6.26	5.57	8.76	9.81
8.21	7.43	7.85	10.26
9.14	9.43	9.90	8.20
9.83	10.12	7.53	7.24
10.86	11.16	6.55	7.12
11.90	12.52	6.57	6.19
13.27	12.52	5.27	7.22
13.96	14.58	4.94	5.59
14.99	14.23	6.12	5.59
14.97	14.68	4.94	5.61
14.75	15.61	5.27	5.81
14.99	15.92	6.23	6.89
14.99	14.58	6.77	7.55
13.03	14.34	8.51	9.12
11.54	11.49	8.51	10.60
10.87	10.80	10.48	9.81
9.24	9.55	10.14	10.84
7.89	9.21	10.14	10.84
6.59	7.85	10.48	12.21
5.28	5.25	10.82	12.55
5.61	4.51	11.27	11.97
3.33	4.27	12.18	11.52
2.66	3.64	11.15	11.87
2.35	3.31	11.25	11.87
3.55	3.31	11.51	12.55
2.02	2.66	11.27	11.97
2.90	2.66	10.80	11.51
4.96	4.49	10.48	10.26
5.28	5.90	9.21	10.15
5.28	5.90	9.11	10.15
6.26	7.75	9.21	9.23
8.11	8.39	8.51	9.47
8.80	9.54	7.85	8.80
9.93	10.56	6.88	7.77
10.98	11.59	6.77	7.77
13.62	12.62	5.59	6.47
13.62	14.58	5.57	6.14
14.65	15.26	4.94	5.92
14.29	14.92	6.14	5.92
14.99	14.25	5.90	6.57
16.00	14.23	5.92	6.47
13.96	13.89	6.88	7.55
14.30	14.23	8.40	9.12
12.57	12.62	8.87	9.47
11.56	11.49	9.21	9.91
10.86	9.78	9.45	10.60
9.24	9.43	9.45	10.15
7.89	7.75	9.79	10.26
6.59	6.45	11.27	11.97
4.96	6.23	11.95	12.31
5.18	3.94	11.16	11.87
3.98	3.64	11.15	11.87
2.98	2.66	11.27	10.15
2.33	3.31	11.16	10.26
2.33	3.29	11.85	12.55
3.98	3.64	11.16	12.21
3.65	3.31	9.90	10.50
4.20	4.94	9.79	10.84
4.63	5.16	9.90	10.94
5.51	6.23	9.90	9.47
7.56	6.89	8.75	9.81
8.21	8.76	8.08	9.23
10.51	9.45	7.53	7.22
11.22	10.14	7.85	7.55
12.25	12.52	6.55	7.55
13.27	12.52	5.25	6.24
13.96	14.58	4.84	5.59
14.63	15.26	5.27	5.92
14.73	13.99	4.92	5.49
15.68	14.92	6.23	5.59
14.65	14.22	5.92	7.55
14.65	14.58	8.40	9.12
12.93	12.86	8.51	9.57
11.88	11.83	8.76	9.57
10.29	10.14	10.46	11.18
8.92	10.22	10.46	11.18
7.79	7.85	11.95	11.52
6.81	5.59	10.82	11.52
5.18	5.27	11.51	11.87
4.63	3.62	11.15	11.97
3.31	3.31	11.27	10.15
3.65	2.33	11.16	11.92
3.00	2.66	11.15	11.87
3.65	3.31	10.48	11.52
2.68	3.31	10.58	11.52
3.33	3.96	10.46	10.24
3.65	4.29	10.92	10.84
5.83	5.27	9.79	9.47
6.59	7.10	8.76	8.52
7.13	7.85	9.55	9.12
8.80	9.55	7.53	7.12
10.96	9.90	6.45	7.55
11.32	11.83	5.49	6.57
12.23	12.86	6.45	6.24
13.72	13.99	4.94	5.59
14.05	14.68	4.94	5.61
15.33	14.56	6.57	6.14
14.65	15.61	6.45	7.22
15.33	15.02	7.20	7.77
15.68	15.26	8.40	9.23
14.39	12.97	8.51	9.12
12.25	12.18	9.90	10.60
10.86	9.79	10.46	11.18
8.90	10.24	10.48	11.18
6.91	6.88	11.16	11.87
5.93	6.23	11.85	12.21
3.65	4.84	11.49	11.95
3.00	2.98	12.18	11.87
2.68	3.64	12.18	11.52
2.35	2.01	11.95	12.55
2.25	2.98	12.18	11.52
2.35	3.31	10.58	11.63
3.22	3.96	11.15	10.84
4.63	3.86	10.24	9.91
4.53	6.23	9.11	9.81
5.28	6.77	9.11	9.23
6.81	8.40	8.51	9.47
8.44	10.24	7.85	8.78
10.17	10.58	6.89	7.77
12.23	11.25	7.20	6.79
12.93	13.21	6.23	6.79
14.29	13.21	5.57	6.57
14.65	15.25	4.84	5.59
15.68	14.92	5.59	6.24
14.65	14.22	5.57	6.14
14.99	14.90	6.57	8.20
14.99	14.92	7.75	8.78
13.27	14.92	9.21	10.26
12.59	12.86	9.11	9.81
11.22	11.27	9.90	11.87
10.19	10.12	10.82	10.26
8.23	8.08	11.49	12.21
6.26	6.12	11.83	11.18
4.96	4.82	12.52	11.97
3.33	3.31	10.82	11.52
3.33	3.31	12.19	11.87
2.33	2.01	11.85	12.55
3.24	2.98	12.18	11.52
2.66	3.31	11.94	11.63
3.22	2.98	10.82	10.50
3.65	4.18	9.90	10.94
4.85	4.27	9.79	9.81
6.91	6.12	8.83	9.91
6.16	7.85	9.21	8.78
7.91	9.55	8.08	9.12
9.59	10.24	8.40	8.09
11.64	12.28	6.55	7.44
12.69	13.31	5.57	7.44
13.96	12.86	6.55	6.14
14.30	14.92	5.90	5.59
15.33	14.58	5.80	6.57
15.80	15.02	6.55	5.81
15.33	14.90	6.57	7.22
14.65	15.92	7.43	6.89
13.70	13.65	7.85	8.42
13.62	13.55	9.45	10.26
12.69	11.61	9.55	10.15
11.22	10.12	10.24	10.94
8.54	8.76	10.14	10.94
7.56	7.75	11.85	11.28
6.59	6.45	11.83	12.66
3.98	3.96	11.27	11.87
3.22	4.27	12.18	11.52
3.00	2.88	12.30	11.63
3.00	2.98	12.18	11.51
2.01	2.97	12.18	11.63
2.68	2.33	11.51	12.55
3.98	3.64	11.51	11.18
3.33	3.96	10.58	11.28
3.55	4.29	9.11	10.15
5.93	5.15	10.24	9.91
6.48	7.20	9.21	10.15
7.13	7.85	8.08	9.47
9.26	9.55	7.43	9.91
9.93	10.14	7.75	7.55
10.53	11.16	7.75	6.57
11.88	13.87	6.77	6.57
13.70	13.99	5.57	6.24
14.29	14.90	4.94	5.49
13.96	14.92	4.94	5.49
14.65	14.22	6.57	7.22
14.65	15.61	6.45	7.22
15.68	13.89	7.20	6.79
14.65	14.23	7.75	8.52
13.02	12.86	8.08	8.78
11.99	12.28	9.90	10.50
10.19	10.46	10.48	11.28
8.90	9.11	10.14	10.84
7.89	7.75	10.48	11.18
6.59	6.45	10.80	11.52
4.96	4.84	11.25	10.26
3.88	3.96	11.16	11.87
3.65	3.52	12.19	11.97
2.68	2.33	12.19	11.52
2.02	2.66	12.19	11.87
2.66	2.33	11.49	12.21
3.00	2.66	11.15	10.94
3.98	4.61	9.90	10.84
4.30	4.92	9.79	11.87
5.61	6.12	9.55	10.60
6.48	5.90	9.90	9.47
7.20	7.85	10.14	9.81
9.26	9.90	9.11	9.12
9.95	9.21	7.10	8.20
10.96	11.16	7.43	7.22
11.99	12.62	6.12	7.22
13.36	12.62	6.23	5.92
13.94	14.58	5.92	6.47
14.99	15.61	5.92	6.59
15.33	15.92	5.52	5.27
14.75	15.61	6.23	5.49
15.33	14.92	7.20	6.57
13.62	14.92	7.75	7.22
13.02	12.97	9.55	8.42
11.88	11.83	9.55	10.26
11.20	11.15	10.14	10.84
9.59	9.55	9.79	10.15
8.21	8.18	11.16	11.52
7.24	7.20	11.16	11.87
5.61	5.57	11.51	12.21
4.96	3.86	12.18	11.63
3.98	2.66	12.28	11.52
2.02	2.98	12.18	11.52
1.68	2.66	12.30	11.52
3.00	2.66	11.15	11.87
2.33	3.31	11.95	11.18
3.55	3.31	11.51	11.18
3.33	3.84	10.24	11.28
3.55	4.27	11.16	10.84
5.93	6.55	9.79	10.84
6.91	7.43	8.76	9.91
7.46	6.88	7.87	10.15
8.11	8.87	8.18	8.09
10.62	9.90	7.44	7.22
11.64	11.94	6.45	7.22
11.30	11.94	6.45	7.22
13.03	13.65	5.27	5.92
13.72	14.34	5.59	6.47
14.99	13.87	4.92	5.49
15.31	14.92	5.57	6.57
14.99	14.58	5.81	6.57
14.41	13.98	6.88	6.47
12.93	14.22	7.53	8.09
12.25	12.19	9.21	8.52
12.57	12.52	8.08	10.14
12.01	10.56	10.24	10.84
10.17	8.76	9.90	10.26
8.44	8.75	11.27	10.26
7.13	6.23	11.27	11.97
4.53	5.59	11.51	12.21
4.85	4.92	11.16	12.90
3.65	3.57	12.18	11.87
3.00	2.66	12.19	11.52
2.68	2.33	12.19	11.52
2.68	2.33	11.25	10.50
3.33	2.98	11.83	11.52
3.33	2.98	11.27	10.84
4.20	3.96	11.16	11.87
4.63	5.16	9.55	10.60
5.88	5.25	9.55	10.50
5.93	7.53	9.79	9.47
7.89	7.10	8.40	9.91
8.44	9.11	8.87	8.52
9.84	10.14	7.85	8.78
10.87	11.49	8.18	6.89
10.87	11.49	7.20	6.91
12.57	13.21	5.92	5.59
13.27	13.89	6.45	6.24
13.27	13.87	5.80	6.57
14.99	14.68	5.90	6.47
14.65	15.61	5.27	5.81
14.99	14.56	6.55	7.22
12.91	14.23	7.43	6.89
13.38	13.31	8.18	8.42
11.56	11.59	9.90	9.12
11.88	11.83	9.11	9.57
9.59	10.82	9.79	10.50
9.24	9.19	9.45	10.15
7.56	7.43	10.80	11.52
6.91	6.77	10.82	11.52
6.26	5.15	11.61	12.31
3.98	3.96	11.27	11.87
3.65	4.61	11.16	11.52
3.65	3.53	11.27	11.97
3.00	3.96	11.16	11.87
3.00	2.66	11.15	11.97
3.65	3.31	11.83	11.52
3.65	3.31	11.49	11.16
4.63	4.18	10.92	10.60
5.18	4.60	10.82	10.15
5.61	6.23	9.11	10.15
6.91	6.12	9.55	9.23
7.79	7.22	8.18	9.47
9.14	9.55	8.40	9.47
8.90	9.55	7.44	8.52
10.29	10.82	7.75	7.55
10.63	11.15	6.45	7.55
12.35	12.86	6.45	6.24
13.36	12.62	6.12	5.92
13.03	13.99	5.59	6.48
13.38	14.23	5.92	6.47
14.29	14.92	5.59	6.24
14.30	15.25	5.80	6.57
14.99	14.56	6.88	6.57
13.38	12.97	7.85	7.12
12.59	12.18	8.18	9.12
10.86	12.18	8.87	9.57
10.86	9.78	9.45	10.26
8.92	8.76	9.11	9.91
8.21	8.08	10.48	11.28
6.26	7.43	10.58	11.28
5.61	5.59	11.95	12.66
4.53	5.57	11.16	11.87
4.30	4.29	11.16	11.87
3.65	3.21	11.27	13.00
3.33	4.29	12.52	11.87
3.65	3.31	11.15	11.87
2.35	3.31	12.97	12.31
3.00	3.64	10.82	11.52
3.00	4.82	11.51	11.28
3.96	4.60	9.90	10.84
4.63	5.27	10.82	10.50
5.93	6.45	9.45	10.60
6.26	7.75	9.55	10.60
8.44	7.87	9.90	9.45
8.44	9.21	7.53	9.81
10.19	9.55	7.87	8.78
10.27	10.91	6.79	8.78
10.62	11.25	6.55	7.44
12.69	11.94	6.57	6.14
12.35	12.97	6.23	5.81
13.62	14.23	5.57	6.14
13.96	14.58	5.90	6.57
13.27	14.23	6.47	6.24
14.99	14.23	6.77	6.57
12.69	13.65	6.89	7.44
13.96	13.53	7.53	8.09
12.93	12.86	8.08	8.88
11.20	12.52	8.76	9.47
9.93	9.90	9.45	10.15
8.90	8.87	9.11	11.18
9.24	9.21	10.48	11.18
7.24	7.20	11.85	11.16
6.59	6.55	10.80	11.52
6.59	5.27	12.88	11.87
3.98	3.84	11.27	11.63
4.30	4.29	12.30	11.52
3.00	3.96	11.16	11.87
3.31	3.31	11.27	11.97
3.22	2.98	11.51	12.21
3.65	3.31	10.82	10.26
3.98	3.64	11.51	11.18
3.65	4.29	9.79	10.60
5.61	4.94	9.55	10.15
5.83	6.57	10.48	10.15
6.26	6.88	9.11	10.26
7.56	8.08	8.18	9.23
8.82	8.08	8.18	9.47
9.14	9.90	8.51	8.09
9.59	10.24	8.40	8.09
11.64	11.94	6.23	8.09
12.23	11.61	7.20	6.79
13.27	12.52	5.90	6.47
13.27	12.52	5.27	5.81
13.62	14.22	5.59	6.24
12.93	13.89	5.59	6.24
14.30	13.89	6.14	5.59
12.91	13.89	6.45	5.92
12.59	13.55	7.43	6.89
12.67	12.28	8.18	8.78
11.88	11.59	8.87	9.47
11.20	11.15	9.55	10.26
9.93	10.14	9.11	9.91
8.92	8.76	10.14	10.94
7.89	7.75	10.14	12.21
6.91	6.77	11.49	11.18
5.93	6.77	10.82	11.63
4.63	5.57	11.61	10.26
3.88	4.94	11.16	11.87
3.98	3.86	11.16	11.97
3.65	3.31	11.27	11.87
3.88	3.64	11.15	11.87
3.65	3.21	11.59	12.31
4.30	3.64	10.82	11.52
4.30	3.96	11.51	12.55
5.28	4.84	11.15	11.97
4.96	5.59	9.55	11.87
5.51	6.24	9.11	10.15
7.24	6.57	9.45	10.15
7.56	8.08	9.11	9.23
7.79	8.40	8.18	9.12
9.50	10.24	8.18	9.47
10.19	10.48	7.22	9.47
10.86	11.49	7.20	6.79
11.54	10.82	7.20	6.79
11.20	11.83	5.57	6.47
12.57	11.83	6.24	5.81
12.91	13.55	6.57	6.14
13.60	13.21	6.55	6.24
13.27	14.22	5.25	5.92
13.62	14.58	5.47	7.55
12.69	13.89	7.75	7.12
12.69	12.28	7.53	8.09
12.93	12.52	8.18	8.88
10.87	11.83	8.76	9.57
10.56	10.46	9.45	10.50
9.24	9.21	10.48	11.18
9.60	8.18	10.48	11.18
7.24	8.18	10.82	11.52
7.13	7.20	11.16	11.87
5.93	5.92	11.85	12.55
4.30	5.27	11.15	11.87
3.33	4.27	11.25	11.97
4.20	3.96	11.15	11.87
3.65	3.31	11.16	11.87
3.33	4.29	12.64	12.31
4.20	4.92	10.46	11.52
3.33	3.96	11.15	12.21
4.63	5.16	11.95	10.26
5.51	4.94	10.19	11.16
6.16	6.88	11.16	11.18
6.91	6.23	9.79	9.47
6.26	7.75	8.51	9.91
7.79	8.40	8.87	9.81
9.50	8.87	8.87	8.42
8.90	9.54	7.43	8.42
10.62	10.24	7.75	8.52
11.66	12.28	6.57	7.12
12.67	11.95	6.23	7.12
12.35	12.97	5.90	6.47
12.25	13.21	6.24	5.81
12.93	13.55	5.25	5.81
13.62	13.21	5.27	5.81
13.62	13.21	6.23	5.49
13.96	13.55	6.55	5.92
13.27	12.86	7.43	8.20
12.91	11.49	8.08	8.88
12.35	11.95	8.87	8.09
10.17	11.59	9.90	9.12
9.84	9.90	9.55	10.15
8.44	8.51	9.55	10.15
7.46	7.53	10.48	11.18
7.46	7.53	10.82	11.52
6.16	6.23	11.16	11.87
4.96	5.90	10.82	11.52
4.30	5.16	11.49	11.97
4.30	5.27	11.27	11.52
3.86	3.64	11.16	11.52
4.30	3.86	11.16	11.97
4.30	3.96	11.27	11.87
3.53	4.61	11.85	12.55
4.30	4.94	10.82	11.87
4.30	3.96	11.59	10.94
5.51	6.23	10.80	11.87
5.18	5.90	11.51	11.18
6.26	6.89	9.79	10.84
6.91	7.43	9.45	10.60
7.89	7.10	9.55	10.26
8.44	9.11	9.21	10.26
9.48	9.11	7.85	9.91
9.48	10.14	8.87	8.52
9.14	9.78	7.55	9.81
10.53	11.15	8.51	8.09
10.87	11.49	7.20	6.79
11.22	11.83	6.57	7.44
11.54	10.82	6.23	6.79
12.23	12.86	5.57	7.44
11.56	12.18	7.20	5.52
12.59	11.83	6.24	5.81
12.25	11.83	5.25	5.81
12.23	13.21	6.23	5.49
12.23	11.83	5.59	6.14
12.91	12.28	5.92	6.47
11.90	11.94	7.20	7.77
11.56	11.54	8.18	7.77
10.17	11.15	8.18	8.78
10.53	10.12	7.87	8.42
9.50	10.46	9.21	9.81
8.82	8.51	10.24	9.81
9.14	7.85	10.24	11.18
7.46	7.20	9.21	11.18
7.79	6.55	10.82	10.15
5.93	6.88	11.51	10.50
4.96	5.80	12.18	11.52
5.93	5.47	11.85	12.66
4.63	5.27	11.95	12.66
4.96	5.90	11.61	12.21
5.18	4.94	11.49	12.21
4.85	5.90	11.51	12.21
4.96	5.57	11.85	12.55
5.61	5.16	11.85	11.52
6.26	5.80	10.80	11.63
5.61	5.25	11.27	12.31
4.96	5.90	11.94	11.18
5.51	6.23	9.79	10.50
5.93	6.55	10.48	9.81
6.26	6.77	9.90	10.94
6.50	7.43	10.91	10.26
8.11	7.75	10.24	9.91
8.45	7.85	9.90	9.47
7.46	8.18	9.11	10.15
7.89	9.90	8.76	9.81
8.21	8.76	8.40	9.57
9.93	9.11	8.08	9.23
8.80	9.45	7.87	8.88
9.14	9.78	7.53	7.12
9.48	10.56	7.20	6.79
10.29	10.92	6.45	8.52
10.62	11.25	7.10	6.89
11.32	11.83	6.47	7.22
11.99	11.27	6.77	6.57
11.32	11.83	6.12	5.59
12.23	11.51	6.12	6.89
11.88	12.52	6.12	6.89
11.56	12.18	6.12	5.59
11.56	12.52	6.77	6.57
11.54	12.52	6.12	5.59
12.25	11.49	6.57	7.22
11.54	10.82	6.88	7.55
10.87	10.48	8.18	8.88
10.86	10.46	8.08	8.88
9.48	10.48	9.45	8.88
9.95	9.45	9.45	8.88
8.44	9.79	9.55	10.60
8.80	8.76	9.83	10.60
7.89	7.75	10.24	10.94
8.11	6.77	10.58	11.28
7.13	6.88	11.27	11.97
5.83	6.88	11.61	11.28
6.81	6.55	11.25	10.50
5.18	6.24	10.80	11.52
5.61	5.27	11.83	12.55
5.93	5.57	11.85	12.55
5.93	5.47	11.85	12.55
5.93	5.49	11.85	12.21
5.93	5.47	11.51	12.66
5.93	5.49	11.59	12.66
5.61	6.45	11.95	12.31
5.61	5.25	11.94	11.28
5.51	6.23	11.94	11.52
5.18	5.92	10.80	11.87
5.93	5.57	11.16	10.84
6.91	5.25	11.49	11.18
5.28	7.10	10.82	11.63
5.93	6.77	9.90	10.60
6.81	7.53	10.58	11.18
6.16	7.20	9.55	10.15
6.91	6.55	9.79	10.84
6.59	7.10	9.11	10.26
7.24	7.75	9.90	10.94
7.79	8.40	9.21	9.91
7.13	8.18	9.55	10.50
7.79	8.51	8.76	9.81
8.54	8.18	8.08	9.12
7.89	8.76	8.76	9.91
8.44	9.11	8.18	9.23
9.14	9.78	7.53	9.81
9.83	9.21	8.18	9.12
9.24	9.90	7.43	8.09
9.93	9.21	8.08	9.23
9.24	10.12	7.44	8.20
9.84	10.80	6.88	7.55
10.86	10.14	7.22	6.89
10.17	11.15	6.55	7.12
10.87	11.83	6.88	6.47
10.51	11.27	6.23	6.79
11.32	10.92	6.55	7.12
10.96	11.94	5.59	7.55
11.99	11.59	5.80	6.57
11.66	11.27	6.14	5.59
11.56	12.18	6.14	5.59
11.22	12.18	6.14	5.59
11.20	12.18	5.92	5.59
11.20	12.18	5.92	6.48
11.54	11.15	6.55	6.14
10.53	11.61	7.20	6.47
10.87	11.94	6.57	7.12
11.56	11.25	7.20	7.77
10.86	10.56	7.53	8.09
10.51	11.25	9.21	9.81
10.17	9.55	7.85	8.42
9.83	9.55	8.18	10.50
9.48	9.21	8.51	10.50
9.14	8.87	8.76	10.84
8.80	8.51	9.11	9.81
8.54	8.18	9.79	10.50
8.21	7.85	10.14	11.18
7.89	7.53	9.45	10.15
7.56	7.10	10.14	10.94
6.91	7.75	10.82	11.63
6.26	6.12	10.58	11.28
6.81	6.55	11.61	12.31
6.26	6.88	11.27	11.97
6.16	6.24	10.92	11.52
5.51	6.23	10.82	12.54
5.51	6.55	11.85	11.18
6.81	6.55	11.83	12.55
5.83	5.59	11.83	12.55
6.83	6.55	11.85	12.55
6.81	6.55	11.85	11.18
6.81	6.55	11.83	11.18
6.91	6.55	11.85	11.18
6.91	6.55	11.85	11.18
5.61	6.55	11.83	11.52
5.61	6.12	10.82	10.26
6.59	7.10	11.15	10.60
6.26	6.77	11.59	11.28
5.93	6.55	11.94	11.63
6.59	7.43	11.27	10.60
6.16	6.88	10.24	11.18
6.81	6.57	10.48	10.15
6.59	8.51	9.79	10.50
7.24	6.88	10.14	11.18
6.91	7.43	9.45	10.26
7.56	8.08	9.79	10.94
8.21	7.75	9.21	10.26
7.46	7.20	9.90	10.87
8.11	9.11	9.21	9.81
7.79	8.51	9.55	10.48
8.44	8.18	8.76	8.42
9.24	8.87	8.08	9.23
8.54	9.45	8.76	9.91
9.24	8.76	8.18	9.23
8.80	9.43	7.53	8.09
9.48	10.56	8.18	8.78
10.19	9.90	8.51	8.09
9.93	10.58	7.85	8.42
10.63	10.24	6.79	8.78
10.29	9.90	6.77	8.82
9.93	10.82	6.77	8.88
9.93	10.82	6.77	8.88
9.93	10.80	6.77	8.88
9.84	10.80	6.89	8.88
9.83	10.82	6.88	8.88
9.83	10.82	6.88	8.78
9.83	10.82	6.88	8.78
9.83	10.92	6.88	8.78
9.83	10.91	6.89	8.78
9.93	10.91	6.88	8.78
9.95	10.91	6.79	7.55
11.64	10.92	7.75	7.55
10.27	9.90	7.75	8.52
10.27	9.79	7.75	8.52
10.63	9.79	7.75	7.22
10.53	9.78	7.53	7.22
10.53	9.78	7.53	8.09
10.53	10.19	7.53	8.09
10.51	10.24	7.53	8.09
10.87	10.24	8.51	8.09
10.86	10.56	8.51	8.09
9.48	10.58	7.20	9.47
9.48	10.56	7.22	7.77
11.22	10.58	8.18	9.12
9.83	10.56	8.18	7.77
9.95	10.91	8.18	7.77
9.93	10.92	8.08	8.78
10.29	9.54	7.75	8.78
10.27	10.91	7.75	8.42
10.27	9.88	7.75	8.52
10.27	9.79	7.75	8.52
10.62	9.79	8.76	9.91
9.24	10.14	7.43	8.20
9.14	10.14	7.53	8.20
9.14	10.14	8.51	8.20
9.48	10.12	8.51	8.09
9.48	10.58	7.22	8.09
9.59	9.21	8.40	9.12
9.59	9.21	8.08	9.12
9.93	10.80	8.08	9.23
9.95	9.45	8.08	9.23
9.93	9.45	9.45	9.23
9.93	9.45	7.82	8.88
10.17	9.45	7.85	8.88
8.80	9.79	7.85	8.42
8.80	9.88	9.21	8.42
10.56	9.90	8.78	8.42
9.24	10.22	8.76	9.81
9.26	10.22	8.40	9.47
9.24	10.24	8.40	9.47
9.24	10.24	8.40	9.47
9.59	10.58	8.40	9.47
9.59	9.21	9.79	9.47
9.59	9.21	8.08	9.23
9.93	9.45	8.08	9.23
9.83	9.43	9.45	9.23
8.45	9.45	9.21	8.88
8.44	9.45	7.85	8.78
10.17	9.55	7.85	10.15
8.80	9.90	9.21	8.42
8.92	9.88	8.76	9.81
9.24	9.90	8.76	9.81
9.24	8.87	10.14	9.47
9.24	8.87	8.40	9.47
9.59	9.11	9.79	9.57
8.23	9.11	9.79	10.60
9.59	9.09	8.08	9.23
9.83	9.11	8.18	10.26
8.44	8.08	9.55	10.26
8.44	8.13	9.21	10.15
8.44	8.18	9.21	9.81
8.80	9.88	9.21	9.81
8.80	8.49	9.11	9.81
8.92	8.51	9.11	9.81
8.90	8.40	8.76	9.91
8.90	9.78	8.76	9.91
9.23	8.76	8.87	9.91
7.79	8.76	8.87	10.94
7.79	8.87	8.51	9.47
9.14	8.87	9.90	9.47
9.48	8.87	9.79	10.84
8.11	9.21	9.79	10.50
8.11	9.21	9.45	10.50
8.21	9.21	9.45	10.50
8.21	9.21	9.45	10.15
8.54	8.18	9.45	10.14
8.56	8.18	9.45	10.15
8.54	8.18	9.11	10.15
8.52	8.08	9.11	9.91
7.56	8.08	9.21	9.91
7.46	8.51	9.21	9.81
7.46	8.51	9.11	9.81
8.90	8.51	10.14	9.81
8.90	8.51	10.14	9.81
8.90	8.51	10.14	9.81
7.89	7.43	10.14	9.91
7.89	7.43	9.79	10.94
7.89	8.76	9.79	10.94
7.89	8.76	9.90	10.94
9.59	8.76	9.79	10.94
8.21	7.75	9.79	10.94
8.21	7.75	9.55	10.60
8.11	7.75	9.55	10.60
7.13	7.85	9.55	10.50
7.13	6.88	9.45	10.15
7.24	6.88	9.45	10.15
7.24	6.77	9.55	10.26
8.44	6.77	9.55	10.26
8.44	8.18	10.58	10.26
8.44	8.08	10.58	10.26
8.44	8.08	10.58	10.26
8.44	8.08	10.58	10.26
7.46	8.18	9.21	10.15
7.46	7.20	9.11	10.15
7.56	7.20	10.48	10.15
7.56	7.20	10.48	11.18
7.58	7.20	10.48	9.81
7.56	8.40	10.14	11.20
7.56	8.40	10.14	11.18
7.89	7.43	10.12	10.94
7.89	7.44	9.79	10.94
6.91	7.75	9.90	10.60
8.11	7.75	9.55	10.60
7.13	8.18	10.58	11.18
7.46	7.20	10.24	10.84
6.81	6.55	10.80	11.87
7.13	6.88	10.48	11.18
6.48	7.53	11.51	12.19
6.81	6.55	11.49	10.84
5.93	6.88	11.49	12.21
6.26	5.90	11.51	12.21
6.26	5.90	11.15	11.87
6.26	5.80	11.16	11.87
6.26	5.80	11.16	11.97
6.26	5.80	11.27	11.97
6.26	5.90	11.25	11.97
6.16	5.90	11.27	11.85
6.16	5.92	11.16	11.85
6.16	5.90	11.16	11.85
6.16	5.92	11.16	11.87
6.26	5.92	11.16	11.87
6.26	5.90	11.16	11.87
6.26	5.80	11.16	11.97
6.26	5.80	11.27	10.60
6.26	5.90	11.27	11.97
6.16	5.92	11.27	11.87
6.16	5.90	11.15	11.87
6.16	5.90	11.16	11.87
6.26	5.90	11.16	11.87
6.26	5.92	11.16	11.87
6.26	5.80	11.16	11.87
6.26	5.81	11.16	11.97
6.26	5.80	11.27	10.60
6.26	5.90	11.27	11.97
6.16	5.92	11.25	11.87
6.16	5.90	11.15	11.87
6.16	5.90	11.16	11.87
6.26	5.90	11.15	11.87
6.26	5.90	11.16	11.87
6.26	5.80	11.15	12.21
6.26	5.80	11.15	11.97
6.26	5.80	11.25	10.60
6.26	5.90	11.25	11.97
6.16	5.90	11.27	11.87
6.16	5.92	11.16	11.87
6.16	5.90	11.16	11.87
6.26	5.92	11.15	11.87
6.26	5.92	11.16	11.87
6.26	5.81	11.16	11.87
6.26	5.80	11.16	11.97
6.26	5.80	11.27	10.60
6.26	5.90	11.27	11.95
6.16	5.90	11.27	11.85
6.16	5.90	11.15	11.87
6.16	5.90	11.15	11.87
6.26	7.20	11.16	11.87
6.26	7.20	11.16	11.87
6.59	6.23	11.16	11.52
6.59	6.23	12.18	11.52
6.59	6.14	10.82	11.52
6.59	6.12	10.80	11.63
6.59	6.14	10.92	11.63
5.61	6.23	11.95	11.63
5.51	6.55	11.94	11.28
6.81	6.55	11.94	11.18
5.83	5.59	11.51	12.19
5.83	5.57	11.49	12.21
4.96	5.90	11.15	11.87
6.28	7.20	11.15	11.85
5.28	6.12	12.19	11.52
6.60	5.15	12.18	11.63
5.61	5.16	11.95	12.66
5.61	5.25	11.95	12.64
5.61	5.25	11.95	12.55
5.51	5.27	11.85	12.54
5.51	5.25	11.83	12.55
5.51	5.27	11.83	12.55
5.61	5.25	11.83	12.55
5.61	5.25	11.83	12.55
5.61	5.15	11.83	12.55
5.61	5.16	11.83	12.66
5.61	5.15	11.95	12.64
5.61	5.27	11.94	12.66
5.61	5.25	11.95	12.55
5.51	5.25	11.83	12.54
5.51	5.27	11.85	12.55
5.51	5.25	11.85	12.55
4.63	5.25	13.21	12.21
4.63	5.47	12.86	12.21
