10.60	0.15	8.93	0.78	-0.10	0
10.60	0.14	8.71	1.07	-0.13	0
10.57	0.09	8.53	1.25	-0.10	0
10.51	0.01	8.38	1.28	-0.01	0
10.47	-0.06	8.29	1.17	0.07	0
10.47	-0.08	8.27	0.88	0.08	0
10.54	-0.04	8.29	0.57	0.02	0
10.67	0.07	8.33	0.26	-0.01	0
10.84	0.22	8.38	-0.00	0.05	0
10.97	0.33	8.42	-0.18	0.17	90
11.04	0.38	8.43	-0.22	0.22	90
11.04	0.33	8.42	-0.18	0.17	90
11.00	0.22	8.43	-0.13	0.08	90
10.96	0.08	8.49	-0.14	0.02	90
10.95	-0.01	8.61	-0.25	-0.00	90
10.99	-0.03	8.80	-0.48	-0.01	90
11.06	0.01	8.99	-0.76	0.01	90
11.12	0.08	9.09	-0.89	0.07	90
11.14	0.12	9.09	-0.81	0.11	90
11.13	0.12	8.98	-0.49	0.07	90
11.11	0.08	8.79	0.01	0.01	90
11.10	0.03	8.61	0.50	-0.01	90
11.11	-0.00	8.49	0.81	0.00	90
11.15	0.01	8.44	0.87	-0.01	90
11.22	0.06	8.43	0.74	-0.04	90
11.28	0.11	8.43	0.49	-0.04	90
11.33	0.15	8.39	0.30	-0.02	90
11.35	0.16	8.31	0.24	-0.01	90
11.37	0.14	8.21	0.30	-0.02	90
11.38	0.11	8.16	0.36	-0.03	90
11.41	0.08	8.16	0.36	-0.02	90
11.44	0.08	8.22	0.23	-0.01	90
11.48	0.09	8.31	0.00	0.01	90
11.50	0.09	8.38	-0.22	0.03	90
11.50	0.08	8.41	-0.33	0.03	90
11.47	0.04	8.38	-0.30	0.01	90
11.43	-0.01	8.33	-0.14	-0.00	90
11.41	-0.05	8.27	0.05	0.00	90
11.40	-0.07	8.24	0.18	0.02	90
11.42	-0.05	8.24	0.21	0.01	90
11.47	-0.00	8.27	0.15	0.00	90
11.53	0.06	8.30	0.04	0.00	90
11.60	0.13	8.31	-0.05	0.02	90
11.67	0.18	8.30	-0.08	0.05	90
11.75	0.22	8.27	-0.04	0.06	90
11.79	0.22	8.25	0.03	0.04	90
11.81	0.19	8.23	0.09	0.02	90
11.83	0.15	8.22	0.11	0.01	90
11.89	0.15	8.22	0.11	0.01	90
12.01	0.18	8.22	0.07	0.02	90
12.21	0.28	8.22	0.04	0.07	90
12.47	0.44	8.20	0.04	0.18	90
12.73	0.60	8.14	0.11	0.29	90
12.86	0.65	8.03	0.25	0.25	90
12.85	0.56	7.88	0.46	0.05	90
12.70	0.33	7.68	0.71	-0.13	0
12.47	-0.00	7.46	0.99	0.00	0
12.26	-0.31	7.30	1.12	0.45	90
12.15	-0.47	7.19	1.12	0.75	90
12.16	-0.46	7.14	0.98	0.67	90
12.24	-0.31	7.16	0.70	0.31	90
12.35	-0.08	7.22	0.33	0.03	90
12.41	0.10	7.28	0.02	0.01	90
12.42	0.18	7.34	-0.20	0.07	90
12.38	0.15	7.37	-0.30	0.07	90
12.33	0.06	7.36	-0.27	0.02	90
12.30	-0.03	7.31	-0.13	-0.00	90
12.30	-0.08	7.23	0.06	0.01	90
12.31	-0.07	7.13	0.28	0.02	90
12.33	-0.03	7.04	0.44	0.02	90
12.34	0.00	6.97	0.52	-0.00	90
12.33	0.02	6.93	0.51	-0.01	90
12.31	0.01	6.91	0.43	-0.00	90
12.29	-0.01	6.91	0.29	0.00	90
12.29	-0.02	6.91	0.18	0.00	90
12.31	-0.02	6.90	0.10	0.00	90
12.33	0.00	6.93	-0.00	0.00	90
12.34	0.02	7.02	-0.14	0.00	90
12.34	0.03	7.16	-0.33	0.01	90
12.32	0.02	7.34	-0.58	0.01	90
12.30	-0.00	7.54	-0.85	-0.00	90
12.29	-0.03	7.66	-0.96	-0.02	90
12.29	-0.03	7.69	-0.90	-0.03	90
12.30	-0.03	7.64	-0.64	-0.02	90
12.32	-0.00	7.54	-0.26	-0.00	90
12.33	0.02	7.46	0.10	-0.00	90
12.33	0.03	7.45	0.28	-0.01	90
12.31	0.02	7.51	0.24	-0.00	90
12.30	-0.00	7.64	0.00	0.00	90
12.30	-0.01	7.77	-0.31	-0.00	90
12.33	0.00	7.88	-0.56	0.00	90
12.38	0.04	7.96	-0.68	0.03	90
12.43	0.08	8.03	-0.70	0.06	90
12.44	0.10	8.11	-0.63	0.07	90
12.42	0.08	8.22	-0.60	0.05	90
12.36	0.02	8.36	-0.64	0.01	90
12.27	-0.08	8.49	-0.71	-0.05	90
12.18	-0.16	8.55	-0.69	-0.09	90
12.12	-0.22	8.54	-0.58	-0.08	90
12.08	-0.23	8.46	-0.33	-0.02	90
12.03	-0.22	8.35	0.01	0.05	90
11.97	-0.19	8.26	0.30	0.10	90
11.88	-0.20	8.24	0.42	0.12	90
11.76	-0.24	8.29	0.34	0.14	90
11.61	-0.31	8.42	0.06	0.12	90
11.51	-0.35	8.58	-0.31	0.01	90
11.46	-0.34	8.75	-0.64	-0.10	0
11.45	-0.29	8.90	-0.88	-0.17	0
11.44	-0.21	9.03	-0.99	-0.17	0
11.39	-0.15	9.10	-0.91	-0.11	0
11.27	-0.16	9.13	-0.73	-0.09	0
11.08	-0.25	9.13	-0.51	-0.06	0
10.83	-0.42	9.12	-0.29	0.05	0
10.62	-0.55	9.12	-0.12	0.23	90
10.46	-0.62	9.16	-0.08	0.33	90
10.37	-0.60	9.23	-0.14	0.28	90
10.31	-0.51	9.34	-0.29	0.11	90
10.29	-0.36	9.44	-0.43	-0.02	90
10.26	-0.24	9.51	-0.52	-0.07	90
10.21	-0.17	9.55	-0.52	-0.06	90
10.12	-0.16	9.56	-0.44	-0.05	90
10.04	-0.18	9.55	-0.28	-0.02	90
9.96	-0.22	9.54	-0.14	0.02	90
9.89	-0.25	9.53	-0.03	0.05	90
9.84	-0.25	9.53	0.02	0.07	90
9.82	-0.20	9.55	0.02	0.04	90
9.83	-0.14	9.59	-0.04	0.01	90
9.85	-0.07	9.64	-0.13	-0.00	90
9.90	0.01	9.73	-0.27	0.00	90
9.95	0.08	9.84	-0.40	0.04	90
10.00	0.12	9.96	-0.54	0.08	90
10.02	0.13	10.09	-0.67	0.10	90
9.98	0.08	10.30	-0.88	0.08	90
9.87	-0.02	10.54	-1.07	-0.02	90
9.70	-0.17	10.82	-1.31	-0.19	0
9.48	-0.34	11.13	-1.57	-0.42	0
9.24	-0.52	11.42	-1.78	-0.66	0
9.06	-0.62	11.58	-1.70	-0.67	0
8.95	-0.61	11.61	-1.43	-0.50	0
8.92	-0.52	11.52	-0.93	-0.21	0
8.94	-0.37	11.34	-0.28	0.03	0
8.96	-0.19	11.16	0.35	0.10	0
8.93	-0.08	11.05	0.71	0.07	0
8.85	-0.07	11.01	0.80	0.06	0
8.72	-0.14	11.07	0.61	0.10	90
8.58	-0.23	11.17	0.22	0.11	90
8.47	-0.32	11.29	-0.17	0.05	90
8.39	-0.36	11.41	-0.49	-0.05	90
8.31	-0.36	11.56	-0.73	-0.13	0
8.25	-0.31	11.70	-0.85	-0.17	0
8.19	-0.26	11.85	-0.91	-0.17	0
8.11	-0.24	12.02	-0.96	-0.17	0
8.04	-0.23	12.18	-1.03	-0.19	0
7.99	-0.21	12.31	-1.00	-0.17	0
7.98	-0.18	12.40	-0.93	-0.14	0
7.99	-0.13	12.45	-0.80	-0.09	0
8.00	-0.07	12.46	-0.59	-0.04	0
8.00	-0.02	12.42	-0.32	-0.01	0
7.97	-0.02	12.36	-0.07	-0.00	0
7.90	-0.05	12.29	0.15	0.01	0
7.81	-0.12	12.21	0.32	0.05	0
7.72	-0.19	12.17	0.38	0.11	90
7.66	-0.23	12.17	0.34	0.13	90
7.62	-0.23	12.20	0.21	0.10	90
7.59	-0.21	12.28	0.01	0.05	90
7.57	-0.16	12.36	-0.20	-0.01	90
7.53	-0.13	12.44	-0.35	-0.03	90
7.48	-0.12	12.50	-0.44	-0.04	90
7.39	-0.15	12.55	-0.46	-0.05	90
7.31	-0.19	12.56	-0.38	-0.04	90
7.22	-0.23	12.56	-0.26	-0.01	90
7.14	-0.26	12.54	-0.13	0.03	90
7.06	-0.28	12.50	-0.00	0.08	90
7.00	-0.26	12.47	0.10	0.09	90
6.96	-0.23	12.45	0.15	0.09	90
6.94	-0.19	12.43	0.16	0.07	90
6.93	-0.14	12.43	0.15	0.04	90
6.94	-0.08	12.42	0.12	0.02	90
6.94	-0.04	12.40	0.10	0.01	90
6.95	-0.01	12.38	0.09	0.00	90
6.95	0.00	12.42	0.02	-0.00	90
6.93	0.00	12.51	-0.11	0.00	90
6.92	-0.01	12.67	-0.34	-0.00	90
6.89	-0.04	12.89	-0.65	-0.02	90
6.87	-0.06	13.16	-1.03	-0.05	90
6.85	-0.06	13.37	-1.27	-0.08	90
6.85	-0.05	13.54	-1.37	-0.07	90
6.87	-0.03	13.63	-1.28	-0.04	90
6.89	0.00	13.66	-1.04	0.00	90
6.92	0.03	13.65	-0.66	0.02	90
6.93	0.05	13.63	-0.34	0.02	90
6.95	0.06	13.62	-0.11	0.01	90
6.95	0.06	13.62	0.02	0.00	90
6.95	0.04	13.62	0.06	-0.00	90
6.95	0.02	13.62	0.04	-0.00	90
6.95	0.01	13.62	0.02	-0.00	90
6.94	-0.00	13.62	0.01	0.00	90
6.94	-0.01	13.62	0.00	0.00	90
6.93	-0.01	13.62	0.00	0.00	90
6.92	-0.02	13.62	0.00	0.00	90
6.90	-0.03	13.62	-0.00	0.00	90
6.89	-0.03	13.63	-0.02	0.00	90
6.89	-0.03	13.65	-0.05	-0.00	90
6.90	-0.02	13.67	-0.07	-0.00	90
6.92	0.00	13.63	-0.02	0.00	90
6.93	0.02	13.54	0.11	-0.00	90
6.94	0.03	13.38	0.34	-0.01	90
6.94	0.03	13.16	0.66	-0.02	90
6.95	0.03	12.90	1.03	-0.03	90
6.95	0.02	12.69	1.25	-0.03	90
6.95	0.01	12.56	1.31	-0.01	90
6.94	0.00	12.50	1.17	-0.00	90
6.94	-0.00	12.49	0.89	0.00	90
6.93	-0.01	12.51	0.52	0.01	90
6.92	-0.02	12.50	0.26	0.01	90
6.91	-0.03	12.46	0.14	0.00	90
6.94	-0.00	12.39	0.14	0.00	90
7.02	0.05	12.34	0.20	-0.01	90
7.17	0.16	12.31	0.26	-0.02	90
7.36	0.29	12.31	0.25	0.01	90
7.55	0.43	12.35	0.15	0.12	90
7.65	0.47	12.41	-0.02	0.24	90
7.65	0.42	12.49	-0.20	0.26	90
7.55	0.25	12.57	-0.35	0.15	90
7.38	0.01	12.64	-0.45	0.01	90
7.21	-0.22	12.68	-0.44	-0.05	90
7.11	-0.36	12.68	-0.36	-0.00	90
7.08	-0.38	12.65	-0.22	0.06	90
7.12	-0.29	12.57	0.00	0.08	90
7.19	-0.12	12.46	0.25	0.05	90
7.26	0.03	12.33	0.46	-0.01	90
7.32	0.14	12.20	0.64	-0.07	90
7.37	0.20	12.09	0.75	-0.11	0
7.41	0.19	12.04	0.70	-0.10	0
7.44	0.16	12.04	0.55	-0.06	0
7.47	0.14	12.09	0.32	-0.02	0
7.53	0.14	12.20	-0.00	0.02	0
7.60	0.15	12.34	-0.33	0.07	0
7.71	0.20	12.47	-0.58	0.16	90
7.84	0.27	12.59	-0.74	0.27	90
8.00	0.36	12.66	-0.75	0.39	90
8.15	0.42	12.63	-0.57	0.41	90
8.29	0.46	12.53	-0.25	0.32	90
8.41	0.47	12.36	0.15	0.14	90
8.48	0.43	12.15	0.59	-0.07	90
8.49	0.32	11.99	0.88	-0.18	0
8.45	0.20	11.91	0.96	-0.15	0
8.37	0.05	11.89	0.84	-0.04	0
8.28	-0.09	11.92	0.59	0.06	0
8.22	-0.18	11.94	0.29	0.08	0
8.21	-0.19	11.90	0.12	0.06	0
8.25	-0.13	11.81	0.13	0.03	0
8.36	-0.00	11.68	0.29	0.00	0
8.50	0.15	11.57	0.46	-0.05	0
8.63	0.27	11.50	0.58	-0.08	0
8.74	0.36	11.48	0.56	-0.07	0
8.84	0.39	11.49	0.43	-0.01	0
8.90	0.35	11.51	0.23	0.04	0
8.92	0.28	11.50	0.10	0.05	0
8.91	0.19	11.46	0.06	0.02	0
8.86	0.08	11.38	0.14	-0.00	0
8.78	-0.04	11.29	0.27	0.01	0
8.68	-0.14	11.20	0.41	0.08	0
8.57	-0.23	11.11	0.52	0.17	90
8.44	-0.31	11.02	0.59	0.28	90
8.33	-0.35	10.94	0.58	0.33	90
8.23	-0.37	10.87	0.55	0.34	90
8.14	-0.36	10.82	0.51	0.31	90
8.12	-0.30	10.78	0.43	0.22	90
8.18	-0.18	10.79	0.30	0.08	90
8.30	-0.02	10.83	0.14	0.00	90
8.48	0.17	10.90	-0.03	0.03	90
8.69	0.36	10.94	-0.17	0.19	90
8.83	0.47	10.94	-0.20	0.32	90
8.89	0.47	10.86	-0.09	0.27	90
8.86	0.38	10.73	0.14	0.09	90
8.81	0.22	10.57	0.44	-0.05	90
8.77	0.06	10.45	0.66	-0.03	90
8.81	-0.01	10.41	0.70	0.01	90
8.92	0.02	10.44	0.56	-0.01	90
9.08	0.14	10.51	0.29	-0.02	90
9.19	0.26	10.55	0.01	0.06	90
9.24	0.31	10.54	-0.11	0.13	90
9.20	0.26	10.45	-0.05	0.08	90
9.15	0.15	10.33	0.15	-0.00	90
9.11	0.02	10.25	0.35	-0.01	90
9.14	-0.03	10.23	0.43	0.02	90
9.25	0.01	10.28	0.34	-0.00	90
9.43	0.15	10.34	0.15	-0.00	90
9.59	0.30	10.36	-0.03	0.10	90
9.71	0.40	10.29	-0.06	0.18	90
9.78	0.42	10.15	0.11	0.13	90
9.80	0.37	9.95	0.43	-0.02	90
9.78	0.24	9.81	0.71	-0.11	0
9.76	0.11	9.74	0.82	-0.08	0
9.74	0.02	9.76	0.71	-0.02	0
9.77	-0.01	9.82	0.43	0.00	0
9.83	0.02	9.87	0.11	-0.00	0
9.93	0.10	9.86	-0.07	0.02	0
10.07	0.21	9.78	-0.05	0.05	0
10.22	0.32	9.66	0.14	0.06	0
10.31	0.36	9.56	0.35	0.00	0
10.33	0.34	9.52	0.48	-0.05	0
10.29	0.24	9.53	0.44	-0.05	0
10.24	0.11	9.56	0.29	-0.02	0
10.21	-0.00	9.58	0.10	0.00	0
10.26	-0.04	9.55	0.01	0.00	0
10.37	0.02	9.46	0.07	-0.00	0
10.52	0.15	9.31	0.29	-0.02	0
10.63	0.26	9.16	0.53	-0.07	0
10.67	0.30	9.04	0.73	-0.13	0
10.64	0.26	8.94	0.81	-0.14	0
10.58	0.14	8.90	0.75	-0.09	0
10.54	0.02	8.92	0.53	-0.01	0
10.56	-0.04	8.98	0.24	0.01	0
10.65	-0.01	9.08	-0.05	-0.00	0
10.84	0.14	9.17	-0.30	0.06	0
11.07	0.32	9.21	-0.42	0.24	90
11.31	0.51	9.20	-0.37	0.45	90
11.54	0.65	9.12	-0.19	0.54	90
11.74	0.73	9.01	0.09	0.46	90
11.85	0.67	8.92	0.33	0.23	90
11.88	0.54	8.88	0.44	0.05	90
11.84	0.36	8.89	0.41	-0.02	90
11.75	0.14	8.90	0.29	-0.02	90
11.66	-0.05	8.88	0.17	0.01	90
11.61	-0.16	8.78	0.18	0.05	90
11.60	-0.19	8.62	0.35	0.10	90
11.61	-0.15	8.42	0.63	0.12	90
11.62	-0.09	8.27	0.84	0.08	90
11.60	-0.04	8.21	0.89	0.04	90
11.55	-0.04	8.22	0.74	0.03	90
11.49	-0.08	8.29	0.43	0.04	90
11.44	-0.11	8.35	0.08	0.02	90
11.43	-0.12	8.36	-0.12	0.00	90
11.46	-0.09	8.31	-0.14	-0.00	90
11.54	-0.00	8.23	-0.00	0.00	90
11.64	0.10	8.16	0.17	-0.01	90
11.74	0.20	8.15	0.28	-0.02	90
11.84	0.27	8.18	0.24	0.01	90
11.91	0.30	8.24	0.10	0.06	90
11.93	0.26	8.28	-0.08	0.09	90
11.90	0.17	8.28	-0.16	0.06	90
11.83	0.06	8.23	-0.11	0.01	90
11.75	-0.06	8.09	0.12	0.01	90
11.71	-0.13	7.92	0.43	0.07	90
11.73	-0.13	7.73	0.74	0.11	90
11.82	-0.05	7.54	0.99	0.06	90
11.93	0.07	7.37	1.15	-0.08	90
12.03	0.19	7.28	1.09	-0.17	0
12.07	0.24	7.25	0.89	-0.16	0
12.07	0.22	7.30	0.58	-0.08	0
12.04	0.15	7.37	0.23	-0.01	0
12.01	0.05	7.42	-0.07	0.01	0
12.02	-0.01	7.42	-0.20	-0.00	0
12.07	-0.00	7.37	-0.16	-0.00	0
12.17	0.07	7.30	-0.00	0.01	0
12.28	0.16	7.25	0.15	0.00	0
12.37	0.24	7.26	0.21	0.01	0
12.44	0.28	7.34	0.11	0.05	0
12.50	0.28	7.47	-0.14	0.12	90
12.53	0.24	7.61	-0.42	0.15	90
12.55	0.18	7.73	-0.63	0.15	90
12.56	0.13	7.81	-0.73	0.11	90
12.56	0.08	7.87	-0.71	0.06	90
12.53	0.02	7.89	-0.56	0.01	90
12.48	-0.03	7.90	-0.39	-0.01	90
12.41	-0.09	7.91	-0.24	-0.01	90
12.33	-0.15	7.91	-0.13	0.00	90
12.27	-0.19	7.91	-0.05	0.03	90
12.22	-0.20	7.91	-0.02	0.04	90
12.19	-0.19	7.91	-0.00	0.03	90
12.18	-0.15	7.91	0.00	0.02	90
12.19	-0.10	7.91	0.00	0.01	90
12.19	-0.05	7.91	-0.01	0.00	90
12.20	-0.02	7.92	-0.01	0.00	90
12.20	0.00	7.91	-0.00	0.00	90
12.20	0.01	7.88	0.04	-0.00	90
12.20	0.01	7.83	0.11	-0.00	90
12.20	0.00	7.76	0.20	-0.00	90
12.20	0.00	7.70	0.29	-0.00	90
12.20	0.00	7.68	0.30	-0.00	90
12.21	0.01	7.70	0.24	-0.00	90
12.21	0.01	7.76	0.09	-0.00	90
12.23	0.02	7.86	-0.14	0.00	90
12.27	0.05	7.97	-0.36	0.02	90
12.33	0.08	8.07	-0.52	0.05	90
12.40	0.13	8.14	-0.60	0.09	90
12.44	0.15	8.20	-0.58	0.11	90
12.41	0.12	8.21	-0.46	0.07	90
12.31	0.03	8.20	-0.30	0.01	90
12.15	-0.12	8.18	-0.15	-0.00	90
11.95	-0.30	8.21	-0.09	0.06	90
11.80	-0.42	8.29	-0.13	0.13	90
11.71	-0.47	8.45	-0.32	0.07	90
11.69	-0.42	8.66	-0.62	-0.08	90
11.72	-0.29	8.94	-1.01	-0.21	0
11.76	-0.13	9.18	-1.29	-0.15	0
11.78	-0.01	9.36	-1.43	-0.02	0
11.75	0.03	9.49	-1.39	0.04	0
11.67	-0.01	9.55	-1.18	-0.01	0
11.57	-0.10	9.53	-0.79	-0.07	0
11.46	-0.20	9.50	-0.43	-0.05	0
11.35	-0.28	9.46	-0.13	0.04	0
11.20	-0.37	9.43	0.07	0.16	90
11.04	-0.42	9.44	0.15	0.24	90
10.87	-0.47	9.47	0.08	0.26	90
10.68	-0.53	9.55	-0.06	0.25	90
10.47	-0.59	9.67	-0.28	0.18	90
10.32	-0.58	9.81	-0.50	0.05	90
10.22	-0.55	9.96	-0.69	-0.08	90
10.16	-0.47	10.09	-0.83	-0.17	0
10.13	-0.36	10.21	-0.89	-0.19	0
10.15	-0.22	10.27	-0.80	-0.13	0
10.16	-0.11	10.29	-0.64	-0.06	0
10.17	-0.03	10.27	-0.42	-0.01	0
10.17	0.01	10.20	-0.14	0.00	0
10.14	0.01	10.09	0.16	-0.00	0
10.11	-0.03	9.97	0.41	0.01	0
10.05	-0.08	9.85	0.59	0.05	0
9.94	-0.16	9.82	0.60	0.12	90
9.80	-0.25	9.90	0.40	0.16	90
9.62	-0.35	10.10	-0.01	0.12	90
9.43	-0.45	10.40	-0.57	-0.05	90
9.24	-0.54	10.75	-1.19	-0.35	0
9.11	-0.55	11.00	-1.58	-0.56	0
9.06	-0.49	11.14	-1.65	-0.57	0
9.07	-0.37	11.14	-1.38	-0.38	0
9.10	-0.22	11.05	-0.87	-0.14	0
9.13	-0.07	10.95	-0.27	-0.01	0
9.12	0.00	10.92	0.12	-0.00	0
9.04	-0.01	10.97	0.23	0.00	0
8.89	-0.12	11.12	0.03	0.02	0
8.73	-0.25	11.31	-0.34	-0.02	0
8.56	-0.38	11.50	-0.73	-0.13	0
8.41	-0.47	11.69	-1.03	-0.26	0
8.26	-0.52	11.86	-1.19	-0.35	0
8.17	-0.48	11.96	-1.13	-0.31	0
8.11	-0.41	12.03	-0.96	-0.23	0
8.07	-0.33	12.05	-0.73	-0.13	0
8.05	-0.24	12.01	-0.43	-0.05	0
8.05	-0.14	11.92	-0.09	0.01	0
8.04	-0.09	11.81	0.20	0.03	0
8.02	-0.06	11.69	0.46	0.03	0
7.97	-0.06	11.59	0.62	0.04	0
7.92	-0.09	11.56	0.60	0.06	0
7.85	-0.13	11.60	0.43	0.07	0
7.77	-0.18	11.72	0.12	0.05	0
7.71	-0.21	11.90	-0.29	-0.02	0
7.68	-0.20	12.09	-0.67	-0.09	0
7.68	-0.16	12.26	-0.93	-0.12	0
7.72	-0.09	12.39	-1.05	-0.08	0
7.78	0.00	12.50	-1.04	0.00	0
7.84	0.09	12.57	-0.88	0.09	0
7.88	0.14	12.63	-0.71	0.12	90
7.89	0.14	12.68	-0.56	0.10	90
7.85	0.08	12.72	-0.44	0.04	90
7.75	-0.02	12.73	-0.31	-0.01	90
7.61	-0.15	12.72	-0.21	-0.01	90
7.45	-0.29	12.69	-0.09	0.06	90
7.26	-0.42	12.68	0.00	0.18	90
7.13	-0.48	12.69	0.05	0.25	90
7.04	-0.47	12.74	-0.01	0.22	90
7.00	-0.41	12.82	-0.13	0.11	90
7.01	-0.29	12.91	-0.29	-0.00	90
7.05	-0.14	12.96	-0.38	-0.03	90
7.09	-0.02	12.95	-0.36	-0.01	90
7.11	0.05	12.89	-0.21	0.01	90
7.11	0.07	12.81	0.01	0.00	90
7.10	0.06	12.75	0.21	-0.01	90
7.08	0.02	12.74	0.29	-0.00	90
7.05	-0.02	12.79	0.22	0.01	90
7.03	-0.06	12.89	0.01	0.00	90
7.01	-0.07	12.99	-0.24	-0.01	90
7.01	-0.06	13.07	-0.42	-0.02	90
7.03	-0.03	13.11	-0.49	-0.02	90
7.05	-0.00	13.13	-0.45	-0.00	90
7.08	0.03	13.13	-0.31	0.01	90
7.10	0.05	13.12	-0.18	0.01	90
7.11	0.06	13.12	-0.08	0.01	90
7.11	0.05	13.11	-0.00	0.00	90
7.10	0.03	13.09	0.05	-0.00	90
7.09	0.01	13.06	0.09	-0.00	90
7.08	-0.01	13.00	0.16	0.00	90
7.10	-0.00	12.90	0.29	0.00	90
7.16	0.03	12.78	0.45	-0.01	90
7.25	0.10	12.63	0.62	-0.05	90
7.38	0.19	12.47	0.79	-0.11	0
7.51	0.28	12.33	0.90	-0.17	0
7.59	0.32	12.27	0.84	-0.17	0
7.61	0.30	12.30	0.64	-0.10	0
7.57	0.21	12.40	0.30	-0.02	0
7.48	0.07	12.58	-0.15	0.02	0
7.39	-0.08	12.75	-0.57	-0.04	0
7.31	-0.18	12.90	-0.83	-0.12	0
7.27	-0.23	13.00	-0.93	-0.16	0
7.25	-0.21	13.08	-0.90	-0.15	0
7.24	-0.16	13.13	-0.74	-0.09	0
7.23	-0.10	13.21	-0.60	-0.05	0
7.20	-0.07	13.29	-0.52	-0.03	0
7.17	-0.07	13.33	-0.45	-0.03	0
7.13	-0.08	13.30	-0.30	-0.02	0
7.11	-0.09	13.19	-0.07	0.00	0
7.09	-0.09	13.00	0.28	0.03	0
7.10	-0.07	12.73	0.74	0.06	0
7.13	-0.03	12.48	1.13	0.03	0
7.17	0.03	12.26	1.38	-0.04	0
7.24	0.09	12.10	1.45	-0.12	0
7.30	0.14	12.00	1.33	-0.17	0
7.35	0.17	11.98	1.00	-0.14	0
7.37	0.16	12.00	0.64	-0.08	0
7.36	0.12	12.05	0.28	-0.02	0
7.34	0.07	12.11	-0.01	0.01	0
7.33	0.02	12.14	-0.19	0.00	0
7.34	-0.00	12.14	-0.22	-0.00	0
7.38	0.01	12.11	-0.14	0.00	0
7.46	0.07	12.06	-0.01	0.00	0
7.53	0.13	12.02	0.12	0.00	0
7.60	0.18	12.02	0.17	0.00	0
7.66	0.21	12.06	0.12	0.02	0
7.72	0.22	12.11	0.00	0.05	0
7.78	0.22	12.14	-0.12	0.07	0
7.84	0.21	12.14	-0.17	0.08	0
7.91	0.21	12.11	-0.12	0.07	0
7.97	0.21	12.06	-0.00	0.04	0
8.00	0.18	12.03	0.11	0.01	0
7.99	0.14	12.04	0.14	-0.00	0
7.95	0.07	12.08	0.09	-0.00	0
7.89	-0.02	12.12	-0.01	0.00	0
7.83	-0.09	12.11	-0.07	0.00	0
7.81	-0.13	12.04	-0.02	0.01	0
7.81	-0.12	11.91	0.17	0.04	0
7.84	-0.07	11.75	0.44	0.04	0
7.88	-0.01	11.63	0.65	0.00	0
7.92	0.06	11.60	0.69	-0.04	0
7.96	0.10	11.63	0.55	-0.05	0
8.02	0.14	11.69	0.29	-0.02	0
8.07	0.16	11.73	0.02	0.02	0
8.14	0.17	11.70	-0.09	0.05	0
8.21	0.19	11.60	-0.01	0.04	0
8.29	0.22	11.43	0.27	-0.01	0
8.35	0.22	11.26	0.58	-0.08	0
8.39	0.21	11.13	0.80	-0.12	0
8.40	0.18	11.04	0.88	-0.12	0
8.42	0.14	10.95	0.87	-0.10	0
8.44	0.10	10.84	0.78	-0.07	0
8.48	0.08	10.69	0.77	-0.06	0
8.54	0.10	10.49	0.86	-0.08	0
8.61	0.14	10.27	1.04	-0.13	0
8.67	0.17	10.11	1.11	-0.16	0
8.71	0.18	10.04	1.07	-0.16	0
8.72	0.17	10.04	0.86	-0.11	0
8.76	0.15	10.15	0.45	-0.05	0
8.83	0.14	10.30	-0.05	0.03	0
8.95	0.18	10.48	-0.48	0.12	90
9.11	0.27	10.65	-0.82	0.29	90
9.28	0.37	10.83	-1.05	0.52	90
9.39	0.42	10.96	-1.08	0.63	90
9.42	0.40	11.06	-1.01	0.56	90
9.39	0.30	11.13	-0.86	0.34	90
9.32	0.14	11.11	-0.61	0.11	90
9.27	-0.01	11.01	-0.24	-0.00	90
9.27	-0.08	10.84	0.16	0.02	90
9.35	-0.05	10.61	0.60	0.03	90
9.48	0.06	10.35	1.04	-0.06	90
9.63	0.20	10.15	1.28	-0.22	0
9.74	0.32	10.02	1.32	-0.32	0
9.83	0.37	9.97	1.16	-0.29	0
9.90	0.37	9.95	0.88	-0.19	0
9.94	0.30	9.94	0.54	-0.07	0
9.97	0.23	9.89	0.34	-0.03	0
10.01	0.18	9.79	0.31	-0.02	0
10.08	0.17	9.65	0.43	-0.04	0
10.17	0.18	9.52	0.57	-0.07	0
10.28	0.23	9.42	0.69	-0.11	0
10.40	0.29	9.37	0.70	-0.12	0
10.51	0.33	9.34	0.60	-0.09	0
10.56	0.32	9.35	0.39	-0.02	0
10.55	0.25	9.37	0.20	0.01	0
10.48	0.13	9.37	0.06	0.01	0
10.39	-0.00	9.38	-0.01	-0.00	0
10.35	-0.11	9.37	-0.04	0.01	0
10.37	-0.13	9.36	-0.01	0.02	0
10.45	-0.06	9.34	0.03	0.01	0
10.56	0.05	9.28	0.13	-0.00	0
10.63	0.16	9.18	0.27	-0.02	0
10.63	0.19	9.03	0.45	-0.05	0
10.56	0.13	8.86	0.67	-0.07	0
10.44	-0.00	8.70	0.86	0.00	0
10.36	-0.13	8.61	0.90	0.14	90
10.34	-0.20	8.60	0.77	0.19	90
10.39	-0.16	8.67	0.49	0.10	90
10.54	-0.01	8.76	0.13	0.00	90
10.73	0.19	8.83	-0.17	0.07	90
10.92	0.37	8.81	-0.27	0.24	90
11.10	0.51	8.71	-0.15	0.33	90
11.28	0.59	8.54	0.17	0.25	90
11.41	0.58	8.37	0.53	0.03	90
11.51	0.52	8.23	0.79	-0.14	0
11.59	0.45	8.13	0.90	-0.20	0
11.65	0.37	8.05	0.89	-0.19	0
11.67	0.26	7.98	0.75	-0.13	0
11.68	0.18	7.87	0.66	-0.09	0
11.68	0.11	7.75	0.64	-0.06	0
11.70	0.07	7.61	0.70	-0.04	0
11.72	0.05	7.52	0.70	-0.03	0
11.76	0.06	7.49	0.64	-0.04	0
11.82	0.10	7.51	0.48	-0.04	0
11.90	0.15	7.57	0.23	-0.01	0
11.98	0.19	7.63	-0.03	0.04	0
12.06	0.22	7.67	-0.19	0.09	0
12.12	0.24	7.67	-0.24	0.11	90
12.16	0.22	7.66	-0.19	0.09	90
12.16	0.17	7.65	-0.10	0.05	90
12.14	0.11	7.67	-0.05	0.02	90
12.10	0.03	7.72	-0.07	0.00	90
12.03	-0.06	7.78	-0.14	-0.00	90
11.95	-0.14	7.81	-0.21	-0.01	90
11.88	-0.19	7.81	-0.21	-0.00	90
11.81	-0.22	7.77	-0.13	0.02	90
11.76	-0.23	7.69	0.04	0.06	90
11.75	-0.19	7.60	0.24	0.08	90
11.76	-0.13	7.50	0.41	0.07	90
11.80	-0.05	7.42	0.52	0.03	90
11.89	0.05	7.36	0.56	-0.03	90
11.99	0.15	7.33	0.48	-0.05	90
12.11	0.24	7.33	0.35	-0.03	90
12.24	0.32	7.35	0.21	0.04	90
12.36	0.37	7.36	0.08	0.11	90
12.42	0.36	7.34	0.02	0.12	90
12.44	0.30	7.28	0.07	0.07	90
12.43	0.21	7.17	0.21	-0.00	90
12.38	0.09	7.03	0.43	-0.03	90
12.33	-0.02	6.90	0.60	0.01	90
12.30	-0.08	6.81	0.71	0.06	90
12.29	-0.10	6.75	0.70	0.08	90
12.31	-0.08	6.74	0.57	0.05	90
12.32	-0.04	6.79	0.32	0.01	90
12.33	0.00	6.86	0.06	-0.00	90
12.33	0.02	6.95	-0.19	0.00	90
12.37	0.05	7.07	-0.42	0.02	90
12.44	0.09	7.16	-0.56	0.06	90
12.56	0.16	7.24	-0.60	0.12	90
12.73	0.26	7.30	-0.58	0.22	90
12.90	0.38	7.36	-0.55	0.35	90
13.01	0.43	7.43	-0.49	0.39	90
13.04	0.40	7.53	-0.48	0.35	90
12.98	0.28	7.65	-0.55	0.23	90
12.84	0.08	7.82	-0.70	0.06	90
12.68	-0.15	7.99	-0.84	-0.10	0
12.53	-0.32	8.16	-0.97	-0.21	0
12.41	-0.42	8.33	-1.07	-0.27	0
12.30	-0.45	8.51	-1.15	-0.32	0
12.25	-0.40	8.67	-1.13	-0.29	0
12.20	-0.32	8.83	-1.12	-0.25	0
12.16	-0.24	8.97	-1.09	-0.21	0
12.11	-0.20	9.09	-1.02	-0.16	0
12.06	-0.17	9.12	-0.81	-0.11	0
11.98	-0.18	9.09	-0.56	-0.07	0
11.88	-0.22	9.01	-0.25	-0.01	0
11.73	-0.29	8.93	0.07	0.10	90
11.58	-0.35	8.88	0.27	0.22	90
11.43	-0.42	8.92	0.27	0.29	90
11.28	-0.46	9.03	0.09	0.26	90
11.14	-0.49	9.19	-0.24	0.13	90
11.04	-0.46	9.33	-0.54	-0.04	90
10.99	-0.40	9.42	-0.71	-0.12	0
10.97	-0.31	9.44	-0.70	-0.12	0
10.96	-0.21	9.46	-0.58	-0.08	0
10.96	-0.12	9.50	-0.41	-0.03	0
10.94	-0.07	9.60	-0.36	-0.02	0
10.90	-0.06	9.77	-0.47	-0.03	0
10.81	-0.11	9.99	-0.73	-0.07	0
10.71	-0.17	10.18	-0.96	-0.13	0
10.61	-0.24	10.33	-1.10	-0.20	0
10.49	-0.30	10.41	-1.08	-0.23	0
10.35	-0.36	10.43	-0.88	-0.19	0
10.22	-0.40	10.39	-0.54	-0.06	0
10.08	-0.42	10.34	-0.21	0.09	0
9.93	-0.45	10.29	0.05	0.22	90
9.76	-0.49	10.28	0.17	0.33	90
9.60	-0.50	10.32	0.14	0.32	90
9.45	-0.51	10.43	-0.05	0.24	90
9.29	-0.52	10.60	-0.35	0.09	90
9.13	-0.53	10.84	-0.73	-0.11	0
9.02	-0.49	11.05	-1.03	-0.27	0
8.93	-0.45	11.24	-1.22	-0.35	0
8.86	-0.39	11.38	-1.27	-0.34	0
8.79	-0.33	11.49	-1.18	-0.28	0
8.74	-0.26	11.52	-0.91	-0.17	0
8.68	-0.22	11.52	-0.62	-0.09	0
8.61	-0.21	11.49	-0.34	-0.03	0
8.54	-0.21	11.48	-0.12	0.02	0
8.49	-0.20	11.48	0.00	0.04	0
8.47	-0.18	11.53	-0.01	0.03	0
8.46	-0.15	11.61	-0.12	0.00	0
8.44	-0.12	11.71	-0.29	-0.02	0
8.38	-0.10	11.79	-0.42	-0.03	0
8.28	-0.14	11.83	-0.46	-0.04	0
8.13	-0.22	11.83	-0.40	-0.04	0
7.93	-0.36	11.83	-0.29	0.02	0
7.74	-0.47	11.86	-0.20	0.13	90
7.57	-0.55	11.95	-0.21	0.18	90
7.43	-0.57	12.09	-0.35	0.12	90
7.37	-0.51	12.26	-0.58	-0.04	90
7.41	-0.34	12.39	-0.75	-0.14	0
7.53	-0.14	12.46	-0.80	-0.09	0
7.70	0.09	12.46	-0.68	0.07	0
7.88	0.30	12.42	-0.44	0.22	90
8.00	0.42	12.37	-0.15	0.24	90
8.03	0.41	12.36	0.04	0.15	90
7.96	0.29	12.39	0.09	0.06	90
7.79	0.06	12.45	0.01	0.00	90
7.60	-0.19	12.51	-0.12	0.01	90
7.44	-0.38	12.56	-0.24	0.05	90
7.30	-0.48	12.58	-0.29	0.09	90
7.20	-0.50	12.61	-0.29	0.11	90
7.14	-0.44	12.64	-0.26	0.08	90
7.08	-0.35	12.71	-0.27	0.03	90
7.04	-0.26	12.81	-0.33	-0.02	90
7.01	-0.20	12.91	-0.44	-0.05	90
7.01	-0.12	12.97	-0.49	-0.05	90
7.04	-0.07	13.00	-0.47	-0.03	90
7.08	-0.00	12.98	-0.35	-0.00	90
7.15	0.07	12.92	-0.15	0.02	90
7.22	0.14	12.85	0.08	0.01	90
7.28	0.18	12.79	0.24	-0.01	90
7.33	0.20	12.76	0.31	-0.02	90
7.38	0.20	12.75	0.30	-0.02	90
7.40	0.17	12.75	0.22	-0.01	90
7.41	0.13	12.75	0.12	0.00	90
7.41	0.09	12.76	0.05	0.00	90
7.43	0.07	12.76	0.01	0.00	90
7.47	0.06	12.76	-0.01	0.00	90
7.53	0.09	12.76	-0.01	0.01	90
7.62	0.14	12.76	-0.00	0.02	90
7.73	0.21	12.76	0.00	0.04	90
7.82	0.26	12.75	0.00	0.07	90
7.88	0.28	12.75	0.01	0.07	90
7.92	0.26	12.75	0.01	0.07	90
7.93	0.21	12.76	-0.01	0.05	90
7.92	0.13	12.80	-0.05	0.02	90
7.89	0.05	12.85	-0.13	0.01	90
7.86	-0.02	12.92	-0.22	-0.00	90
7.83	-0.06	12.98	-0.31	-0.01	90
7.82	-0.08	13.00	-0.32	-0.02	90
7.82	-0.06	12.98	-0.25	-0.01	90
7.83	-0.04	12.92	-0.09	-0.00	90
7.86	0.00	12.81	0.15	-0.00	90
7.89	0.04	12.70	0.38	-0.01	90
7.93	0.07	12.60	0.53	-0.03	90
7.95	0.08	12.54	0.60	-0.04	90
7.93	0.06	12.47	0.59	-0.03	90
7.87	0.00	12.43	0.51	-0.00	90
7.76	-0.09	12.37	0.43	0.05	90
7.62	-0.20	12.31	0.40	0.12	90
7.42	-0.35	12.21	0.43	0.27	90
7.23	-0.47	12.12	0.47	0.43	90
7.05	-0.55	12.03	0.53	0.59	90
6.89	-0.58	11.94	0.58	0.67	90
6.79	-0.55	11.86	0.59	0.64	90
6.77	-0.44	11.83	0.51	0.41	90
6.81	-0.28	11.83	0.39	0.18	90
6.92	-0.09	11.87	0.21	0.03	90
7.10	0.14	11.94	-0.01	0.02	90
7.31	0.35	12.02	-0.21	0.20	90
7.53	0.51	12.08	-0.33	0.43	90
7.75	0.62	12.12	-0.38	0.63	90
7.95	0.69	12.11	-0.32	0.70	90
8.09	0.66	12.05	-0.14	0.53	90
8.19	0.59	11.95	0.10	0.29	90
8.25	0.48	11.81	0.36	0.06	90
8.28	0.35	11.67	0.60	-0.09	90
8.26	0.21	11.59	0.70	-0.10	0
8.25	0.10	11.57	0.65	-0.05	0
8.23	0.02	11.61	0.45	-0.01	0
8.24	-0.01	11.69	0.16	0.00	0
8.28	0.00	11.77	-0.14	0.00	0
8.36	0.06	11.82	-0.31	0.02	0
8.46	0.15	11.81	-0.33	0.07	0
8.56	0.22	11.73	-0.17	0.08	0
8.59	0.24	11.61	0.11	0.03	0
8.57	0.19	11.47	0.41	-0.04	0
8.48	0.08	11.31	0.67	-0.05	0
8.37	-0.06	11.15	0.88	0.06	0
8.32	-0.16	11.03	0.94	0.17	90
8.35	-0.16	10.95	0.89	0.17	90
8.45	-0.08	10.90	0.76	0.06	90
8.59	0.07	10.88	0.58	-0.04	90
8.67	0.20	10.88	0.36	-0.03	90
8.66	0.23	10.87	0.21	0.00	90
8.57	0.15	10.85	0.12	0.00	90
8.45	-0.00	10.80	0.13	0.00	90
8.38	-0.14	10.73	0.20	0.05	90
8.41	-0.17	10.64	0.33	0.08	90
8.56	-0.07	10.53	0.46	0.04	90
8.78	0.14	10.41	0.59	-0.06	90
8.99	0.36	10.32	0.64	-0.10	90
9.13	0.50	10.27	0.62	-0.06	90
9.19	0.52	10.24	0.53	-0.01	90
9.23	0.45	10.21	0.43	0.01	90
9.25	0.31	10.18	0.31	0.00	90
9.32	0.22	10.12	0.27	-0.01	90
9.45	0.21	10.03	0.31	-0.02	90
9.62	0.29	9.92	0.42	-0.04	90
9.77	0.36	9.81	0.53	-0.06	90
9.88	0.42	9.73	0.60	-0.08	90
9.95	0.42	9.66	0.62	-0.08	90
10.00	0.37	9.58	0.60	-0.09	90
10.03	0.27	9.51	0.54	-0.07	90
10.07	0.20	9.43	0.52	-0.06	90
10.13	0.17	9.32	0.54	-0.06	90
10.21	0.17	9.22	0.59	-0.07	90
10.25	0.17	9.16	0.56	-0.07	90
10.28	0.16	9.15	0.48	-0.05	90
10.28	0.13	9.19	0.32	-0.02	90
10.28	0.10	9.23	0.12	-0.00	90
10.31	0.07	9.25	-0.04	0.01	90
10.38	0.08	9.21	-0.06	0.01	90
10.48	0.14	9.11	0.05	0.01	90
10.60	0.22	8.97	0.29	-0.02	90
10.68	0.27	8.84	0.52	-0.07	90
10.71	0.27	8.75	0.66	-0.11	0
10.70	0.22	8.69	0.69	-0.10	0
10.68	0.13	8.66	0.60	-0.06	0
10.68	0.05	8.66	0.42	-0.02	0
10.74	0.04	8.64	0.27	-0.01	0
10.87	0.10	8.62	0.17	-0.01	0
11.03	0.22	8.59	0.13	0.02	0
11.17	0.33	8.59	0.10	0.07	0
11.25	0.38	8.60	0.08	0.12	90
11.29	0.36	8.63	0.02	0.12	90
11.31	0.30	8.63	-0.01	0.09	90
11.34	0.20	8.58	0.02	0.04	90
11.41	0.17	8.47	0.16	0.00	90
11.54	0.19	8.30	0.40	-0.04	90
11.72	0.29	8.11	0.69	-0.12	0
11.86	0.37	7.98	0.86	-0.18	0
11.98	0.43	7.93	0.87	-0.19	0
12.05	0.42	7.96	0.68	-0.11	0
12.08	0.36	8.02	0.38	-0.01	0
12.09	0.25	8.07	0.06	0.05	0
12.10	0.15	8.05	-0.10	0.04	0
12.11	0.09	7.98	-0.06	0.01	0
12.15	0.07	7.86	0.13	-0.00	0
12.18	0.07	7.77	0.34	-0.02	0
12.22	0.09	7.73	0.45	-0.03	0
12.27	0.11	7.75	0.41	-0.03	0
12.33	0.15	7.76	0.29	-0.02	0
12.41	0.18	7.73	0.18	0.00	0
12.51	0.22	7.61	0.21	0.00	0
12.61	0.26	7.42	0.42	-0.04	0
12.71	0.30	7.21	0.71	-0.12	0
12.76	0.28	7.10	0.88	-0.17	0
12.77	0.24	7.12	0.81	-0.14	0
12.74	0.15	7.26	0.46	-0.05	0
12.71	0.07	7.52	-0.13	0.01	0
12.73	0.01	7.78	-0.75	0.01	0
12.81	0.03	7.97	-1.16	0.04	0
12.95	0.12	8.10	-1.31	0.18	90
13.08	0.23	8.12	-1.15	0.31	90
13.11	0.27	8.06	-0.72	0.26	90
13.02	0.20	7.95	-0.23	0.08	90
12.81	0.00	7.82	0.21	-0.00	90
12.51	-0.30	7.67	0.57	0.26	90
12.23	-0.57	7.55	0.76	0.75	90
12.03	-0.72	7.46	0.80	1.10	90
11.92	-0.73	7.40	0.73	1.07	90
11.91	-0.60	7.39	0.57	0.70	90
11.98	-0.35	7.42	0.33	0.24	90
12.05	-0.12	7.47	0.11	0.03	90
12.14	0.07	7.53	-0.10	0.01	90
12.24	0.21	7.61	-0.28	0.10	90
12.35	0.29	7.69	-0.41	0.20	90
12.47	0.33	7.78	-0.47	0.26	90
12.60	0.36	7.86	-0.52	0.32	90
12.70	0.38	7.97	-0.59	0.36	90
12.74	0.33	8.08	-0.62	0.32	90
12.72	0.25	8.20	-0.67	0.23	90
12.63	0.11	8.33	-0.74	0.09	90
12.49	-0.07	8.50	-0.85	-0.06	90
12.35	-0.24	8.64	-0.89	-0.15	0
12.22	-0.35	8.76	-0.91	-0.20	0
12.12	-0.40	8.87	-0.90	-0.20	0
11.98	-0.44	8.96	-0.84	-0.17	0
11.80	-0.46	9.01	-0.68	-0.10	0
11.56	-0.52	9.04	-0.53	-0.01	0
11.26	-0.64	9.04	-0.38	0.17	90
10.93	-0.79	9.05	-0.24	0.44	90
10.69	-0.86	9.06	-0.13	0.62	90
10.54	-0.84	9.09	-0.10	0.62	90
10.49	-0.72	9.14	-0.13	0.42	90
10.50	-0.51	9.23	-0.25	0.13	90
10.55	-0.26	9.35	-0.39	-0.04	90
10.56	-0.08	9.48	-0.56	-0.04	90
10.54	-0.00	9.63	-0.73	-0.00	90
10.45	-0.02	9.80	-0.89	-0.02	90
10.35	-0.10	9.93	-0.93	-0.08	90
10.24	-0.21	10.03	-0.91	-0.15	0
10.13	-0.29	10.11	-0.83	-0.16	0
9.97	-0.38	10.20	-0.75	-0.14	0
9.80	-0.44	10.29	-0.65	-0.09	0
9.60	-0.50	10.40	-0.63	-0.07	0
9.37	-0.58	10.56	-0.70	-0.07	0
9.13	-0.66	10.76	-0.86	-0.13	0
8.95	-0.68	10.94	-0.99	-0.21	0
8.83	-0.65	11.12	-1.11	-0.30	0
8.76	-0.56	11.27	-1.15	-0.33	0
8.72	-0.44	11.41	-1.13	-0.30	0
8.72	-0.28	11.49	-0.97	-0.19	0
8.70	-0.17	11.54	-0.79	-0.10	0
8.67	-0.11	11.57	-0.60	-0.05	0
8.58	-0.12	11.59	-0.42	-0.04	0
8.46	-0.17	11.59	-0.25	-0.01	0
8.31	-0.27	11.61	-0.17	0.03	0
8.14	-0.38	11.65	-0.15	0.09	0
7.92	-0.50	11.71	-0.19	0.16	90
7.71	-0.58	11.78	-0.26	0.19	90
7.51	-0.63	11.85	-0.35	0.18	90
7.32	-0.66	11.93	-0.43	0.15	90
7.16	-0.66	11.98	-0.45	0.13	90
7.06	-0.57	11.98	-0.37	0.12	90
6.99	-0.48	11.93	-0.20	0.13	90
6.97	-0.36	11.84	0.02	0.14	90
7.01	-0.21	11.77	0.21	0.09	90
7.11	-0.03	11.78	0.27	0.01	90
7.24	0.12	11.90	0.12	0.00	90
7.38	0.26	12.10	-0.23	0.13	90
7.51	0.36	12.39	-0.73	0.39	90
7.58	0.38	12.63	-1.14	0.57	90
7.58	0.31	12.80	-1.35	0.52	90
7.51	0.18	12.88	-1.31	0.27	90
7.38	-0.00	12.88	-1.04	-0.00	90
7.25	-0.17	12.82	-0.58	-0.07	90
7.15	-0.28	12.76	-0.17	0.03	90
7.10	-0.32	12.71	0.12	0.14	90
7.08	-0.29	12.65	0.31	0.17	90
7.10	-0.19	12.60	0.38	0.11	90
7.13	-0.08	12.54	0.38	0.04	90
7.17	0.01	12.47	0.38	-0.00	90
7.21	0.08	12.40	0.41	-0.03	90
7.23	0.10	12.34	0.41	-0.03	90
7.25	0.10	12.30	0.40	-0.03	90
7.25	0.08	12.27	0.36	-0.02	90
7.27	0.07	12.26	0.29	-0.01	90
7.33	0.08	12.27	0.17	-0.01	90
7.42	0.12	12.30	0.06	0.01	90
7.54	0.20	12.34	-0.05	0.05	90
7.67	0.28	12.36	-0.13	0.11	90
7.73	0.30	12.36	-0.14	0.14	90
7.72	0.26	12.34	-0.08	0.09	90
7.64	0.15	12.28	0.02	0.02	90
7.54	-0.00	12.22	0.15	0.00	90
7.47	-0.13	12.19	0.22	0.05	90
7.46	-0.18	12.20	0.21	0.07	90
7.53	-0.12	12.25	0.11	0.03	90
7.64	-0.00	12.30	-0.03	-0.00	90
7.73	0.12	12.33	-0.14	0.03	90
7.75	0.19	12.29	-0.13	0.06	90
7.71	0.16	12.21	-0.01	0.03	90
7.64	0.07	12.14	0.15	-0.01	90
7.59	-0.04	12.12	0.24	0.01	90
7.59	-0.09	12.19	0.17	0.02	90
7.64	-0.07	12.35	-0.07	-0.00	90
7.71	0.00	12.53	-0.42	0.00	90
7.75	0.07	12.64	-0.67	0.06	90
7.73	0.10	12.64	-0.69	0.07	90
7.65	0.04	12.53	-0.45	0.02	90
7.53	-0.07	12.35	-0.00	0.00	90
7.45	-0.17	12.20	0.44	0.11	90
7.43	-0.22	12.13	0.68	0.20	90
7.46	-0.18	12.14	0.67	0.15	90
7.54	-0.07	12.19	0.45	0.04	90
7.60	0.05	12.22	0.17	-0.01	90
7.62	0.12	12.18	0.02	0.01	90
7.60	0.11	12.07	0.07	0.01	90
7.57	0.07	11.92	0.29	-0.02	90
7.57	0.02	11.80	0.52	-0.01	90
7.63	0.02	11.76	0.62	-0.01	90
7.76	0.09	11.79	0.52	-0.04	90
7.91	0.21	11.89	0.25	-0.01	90
8.02	0.30	11.99	-0.10	0.12	90
8.06	0.33	12.06	-0.34	0.22	90
8.03	0.26	12.08	-0.43	0.18	90
7.97	0.14	12.03	-0.31	0.06	90
7.92	0.00	11.92	-0.04	0.00	90
7.93	-0.06	11.77	0.29	0.02	90
8.01	-0.03	11.60	0.61	0.02	90
8.13	0.07	11.41	0.89	-0.05	90
8.23	0.17	11.28	1.00	-0.14	0
8.27	0.24	11.19	0.97	-0.17	0
8.27	0.23	11.15	0.83	-0.14	0
8.25	0.16	11.16	0.59	-0.07	0
8.24	0.08	11.19	0.29	-0.02	0
8.29	0.04	11.23	0.06	-0.00	0
8.38	0.07	11.25	-0.08	0.01	0
8.50	0.15	11.24	-0.12	0.04	0
8.60	0.23	11.21	-0.07	0.07	0
8.66	0.28	11.14	0.07	0.06	0
8.67	0.26	11.06	0.23	0.01	0
8.66	0.19	10.93	0.43	-0.05	0
8.66	0.10	10.80	0.59	-0.05	0
8.68	0.06	10.67	0.71	-0.04	0
8.75	0.06	10.55	0.79	-0.05	0
8.88	0.14	10.43	0.84	-0.10	0
9.03	0.25	10.35	0.78	-0.13	0
9.20	0.36	10.29	0.68	-0.11	0
9.36	0.45	10.26	0.55	-0.04	0
9.53	0.52	10.22	0.44	0.04	0
9.65	0.51	10.17	0.34	0.09	0
9.74	0.47	10.08	0.35	0.05	0
9.78	0.39	9.97	0.44	-0.02	0
9.80	0.29	9.83	0.58	-0.08	0
9.78	0.17	9.73	0.65	-0.08	0
9.76	0.07	9.67	0.66	-0.04	0
9.74	0.01	9.66	0.57	-0.00	0
9.76	-0.01	9.65	0.43	0.01	0
9.81	0.01	9.62	0.27	-0.00	0
9.91	0.08	9.56	0.23	-0.01	0
10.04	0.18	9.46	0.29	-0.02	0
10.22	0.31	9.33	0.44	-0.04	0
10.38	0.41	9.23	0.55	-0.06	0
10.53	0.48	9.19	0.58	-0.05	0
10.66	0.50	9.19	0.49	0.00	0
10.75	0.47	9.24	0.29	0.09	0
10.78	0.38	9.30	0.03	0.13	90
10.79	0.27	9.35	-0.16	0.12	90
10.77	0.16	9.37	-0.24	0.06	90
10.75	0.06	9.32	-0.17	0.01	90
10.74	-0.00	9.21	0.04	0.00	90
10.77	-0.01	9.05	0.34	0.00	90
10.84	0.04	8.84	0.68	-0.02	90
10.97	0.13	8.59	1.05	-0.12	0
11.10	0.24	8.37	1.26	-0.24	0
11.24	0.33	8.20	1.35	-0.34	0
11.38	0.40	8.08	1.29	-0.36	0
11.51	0.44	8.03	1.08	-0.28	0
11.59	0.41	8.07	0.68	-0.11	0
11.64	0.36	8.17	0.27	0.03	0
11.67	0.28	8.30	-0.14	0.12	90
11.70	0.21	8.43	-0.47	0.15	90
11.75	0.16	8.50	-0.63	0.13	90
11.83	0.16	8.50	-0.57	0.12	90
11.95	0.21	8.42	-0.34	0.11	90
12.10	0.29	8.26	0.05	0.07	90
12.23	0.35	8.07	0.48	-0.05	90
12.32	0.38	7.88	0.82	-0.17	0
12.37	0.36	7.72	1.04	-0.24	0
12.39	0.29	7.59	1.11	-0.24	0
12.40	0.20	7.53	0.97	-0.15	0
12.42	0.13	7.52	0.73	-0.08	0
12.45	0.09	7.55	0.45	-0.03	0
12.47	0.07	7.60	0.16	-0.01	0
12.48	0.05	7.64	-0.07	0.01	0
12.45	0.03	7.65	-0.15	0.01	0
12.39	-0.02	7.62	-0.13	-0.00	0
12.33	-0.08	7.56	-0.01	0.01	0
12.29	-0.13	7.50	0.14	0.03	0
12.27	-0.13	7.45	0.25	0.05	0
12.30	-0.10	7.43	0.30	0.04	0
12.39	-0.01	7.43	0.25	0.00	0
12.51	0.12	7.45	0.14	-0.00	0
12.65	0.24	7.48	0.02	0.05	0
12.80	0.35	7.51	-0.08	0.15	90
12.97	0.45	7.53	-0.14	0.27	90
13.11	0.48	7.54	-0.15	0.31	90
13.22	0.47	7.54	-0.12	0.28	90
13.28	0.42	7.52	-0.05	0.20	90
13.26	0.30	7.50	0.01	0.09	90
13.13	0.10	7.51	0.03	0.01	90
12.92	-0.13	7.55	-0.00	0.02	90
12.63	-0.39	7.61	-0.10	0.11	90
12.30	-0.66	7.72	-0.27	0.25	90
12.05	-0.81	7.82	-0.43	0.31	90
11.88	-0.83	7.93	-0.56	0.23	90
11.82	-0.73	8.02	-0.64	0.07	90
11.85	-0.52	8.12	-0.68	-0.08	90
11.95	-0.24	8.20	-0.65	-0.10	90
12.05	0.00	8.28	-0.61	0.00	90
12.15	0.18	8.36	-0.58	0.13	90
12.25	0.29	8.46	-0.58	0.25	90
12.32	0.32	8.56	-0.58	0.28	90
12.39	0.30	8.67	-0.63	0.28	90
12.46	0.27	8.79	-0.68	0.26	90
12.49	0.23	8.90	-0.73	0.22	90
12.49	0.16	8.96	-0.67	0.13	90
12.45	0.09	8.97	-0.55	0.05	90
12.38	-0.01	8.93	-0.35	-0.00	90
12.27	-0.12	8.89	-0.13	-0.00	90
12.16	-0.22	8.86	0.06	0.06	90
12.04	-0.30	8.89	0.09	0.12	90
11.92	-0.36	8.97	-0.00	0.13	90
11.73	-0.44	9.11	-0.24	0.09	90
11.51	-0.51	9.26	-0.50	0.00	90
11.23	-0.62	9.40	-0.71	-0.06	90
10.91	-0.75	9.51	-0.83	-0.06	90
10.59	-0.89	9.60	-0.84	0.04	90
10.38	-0.90	9.63	-0.70	0.18	90
10.29	-0.81	9.64	-0.50	0.26	90
10.31	-0.62	9.62	-0.29	0.20	90
10.37	-0.36	9.63	-0.16	0.07	90
10.43	-0.11	9.69	-0.12	-0.00	90
10.39	0.00	9.82	-0.25	0.00	90
10.26	-0.02	10.02	-0.52	-0.01	90
10.04	-0.18	10.28	-0.88	-0.12	0
9.85	-0.35	10.49	-1.14	-0.28	0
9.72	-0.47	10.64	-1.26	-0.37	0
9.65	-0.49	10.73	-1.21	-0.35	0
9.61	-0.43	10.79	-1.03	-0.26	0
9.57	-0.32	10.83	-0.74	-0.14	0
9.49	-0.24	10.91	-0.56	-0.08	0
9.36	-0.24	11.01	-0.50	-0.06	0
9.14	-0.34	11.16	-0.57	-0.08	0
8.91	-0.47	11.28	-0.66	-0.09	0
8.65	-0.61	11.39	-0.74	-0.08	0
8.40	-0.73	11.47	-0.75	-0.01	0
8.13	-0.82	11.55	-0.72	0.09	0
7.92	-0.82	11.64	-0.64	0.14	90
7.75	-0.77	11.75	-0.63	0.11	90
7.61	-0.69	11.89	-0.67	0.02	90
7.51	-0.59	12.02	-0.74	-0.09	90
7.47	-0.44	12.08	-0.70	-0.11	0
7.44	-0.32	12.06	-0.57	-0.08	0
7.43	-0.21	11.98	-0.31	-0.02	0
7.42	-0.13	11.88	0.01	0.02	0
7.41	-0.07	11.82	0.27	0.02	0
7.39	-0.05	11.83	0.33	0.02	0
7.36	-0.06	11.92	0.19	0.01	0
7.33	-0.07	12.09	-0.14	-0.00	0
7.32	-0.06	12.26	-0.50	-0.03	0
7.33	-0.05	12.41	-0.78	-0.04	0
7.35	-0.02	12.52	-0.92	-0.02	0
7.36	0.00	12.59	-0.89	0.00	0
7.34	0.01	12.62	-0.71	0.01	0
7.27	-0.03	12.63	-0.49	-0.01	0
7.16	-0.11	12.63	-0.30	-0.02	0
7.04	-0.21	12.62	-0.13	0.02	0
6.95	-0.27	12.59	-0.01	0.07	0
6.93	-0.27	12.57	0.07	0.09	0
6.97	-0.20	12.54	0.12	0.06	0
7.06	-0.07	12.51	0.16	0.02	0
7.14	0.07	12.50	0.15	-0.01	0
7.19	0.16	12.51	0.12	0.01	0
7.21	0.18	12.52	0.06	0.02	0
7.19	0.14	12.54	-0.01	0.02	0
7.15	0.06	12.56	-0.06	0.01	0
7.12	-0.01	12.56	-0.07	-0.00	0
7.11	-0.06	12.54	-0.05	0.00	0
7.10	-0.07	12.52	-0.00	0.01	0
7.10	-0.06	12.51	0.05	0.01	0
7.10	-0.03	12.51	0.07	0.00	0
7.11	-0.01	12.52	0.05	0.00	0
7.11	-0.00	12.54	0.01	0.00	0
7.11	0.00	12.55	-0.04	0.00	0
7.11	0.00	12.55	-0.06	0.00	0
7.11	0.00	12.54	-0.04	0.00	0
7.11	0.00	12.52	0.00	-0.00	0
7.11	0.00	12.51	0.04	0.00	0
7.11	0.00	12.51	0.06	0.00	0
7.11	0.00	12.52	0.04	0.00	0
7.11	0.00	12.55	-0.01	0.00	0
7.11	0.00	12.58	-0.08	0.00	0
7.11	0.00	12.61	-0.14	0.00	0
7.11	0.00	12.63	-0.16	0.00	0
7.11	0.00	12.64	-0.15	0.00	0
7.11	0.00	12.63	-0.10	0.00	0
7.11	0.00	12.61	-0.04	0.00	0
7.11	0.00	12.57	0.04	0.00	0
7.11	0.00	12.51	0.15	-0.00	0
7.11	0.00	12.44	0.26	-0.00	0
7.11	0.01	12.35	0.37	-0.00	0
7.12	0.01	12.26	0.47	-0.00	0
7.11	0.00	12.16	0.56	-0.00	0
7.08	-0.02	12.09	0.56	0.01	0
7.02	-0.06	12.06	0.51	0.03	0
6.96	-0.11	12.05	0.41	0.05	0
6.90	-0.15	12.05	0.28	0.06	0
6.88	-0.15	12.05	0.14	0.04	0
6.92	-0.10	12.03	0.08	0.02	0
7.00	-0.01	12.00	0.08	0.00	0
7.16	0.14	11.91	0.18	-0.01	0
7.33	0.29	11.81	0.31	-0.01	0
7.51	0.42	11.70	0.47	-0.02	0
7.69	0.51	11.57	0.62	-0.05	0
7.85	0.56	11.44	0.74	-0.10	0
7.94	0.52	11.34	0.77	-0.13	0
7.99	0.43	11.26	0.74	-0.13	0
8.00	0.32	11.20	0.66	-0.11	0
7.99	0.20	11.14	0.57	-0.08	0
7.99	0.10	11.08	0.47	-0.04	0
8.03	0.06	11.00	0.45	-0.02	0
8.10	0.07	10.89	0.49	-0.03	0
8.22	0.15	10.77	0.58	-0.06	0
8.33	0.23	10.68	0.62	-0.09	0
8.44	0.30	10.62	0.62	-0.09	0
8.54	0.34	10.59	0.54	-0.07	0
8.64	0.36	10.57	0.43	-0.02	0
8.74	0.35	10.55	0.29	0.02	0
8.84	0.34	10.51	0.22	0.04	0
8.96	0.34	10.44	0.23	0.04	0
9.07	0.36	10.36	0.30	0.02	0
9.14	0.33	10.31	0.35	-0.01	0
9.18	0.29	10.29	0.36	-0.02	0
9.18	0.23	10.29	0.29	-0.01	0
9.17	0.14	10.31	0.19	-0.01	0
9.16	0.06	10.30	0.09	-0.00	0
9.17	0.02	10.26	0.07	-0.00	0
9.21	0.02	10.18	0.15	-0.00	0
9.29	0.07	10.08	0.29	-0.02	0
9.38	0.14	10.02	0.39	-0.03	0
9.46	0.20	10.00	0.40	-0.04	0
9.54	0.24	10.03	0.30	-0.01	0
9.64	0.29	10.08	0.13	0.04	0
9.76	0.31	10.11	-0.04	0.11	90
9.89	0.34	10.11	-0.12	0.16	90
10.04	0.39	10.05	-0.07	0.18	90
10.23	0.46	9.93	0.13	0.15	90
10.38	0.49	9.80	0.37	0.06	90
10.52	0.51	9.66	0.60	-0.05	90
10.63	0.49	9.53	0.77	-0.14	0
10.73	0.46	9.39	0.89	-0.20	0
10.81	0.39	9.27	0.88	-0.19	0
10.88	0.33	9.16	0.84	-0.17	0
10.96	0.29	9.07	0.79	-0.15	0
11.06	0.29	8.98	0.73	-0.13	0
11.16	0.29	8.93	0.61	-0.09	0
11.27	0.31	8.90	0.49	-0.06	0
11.40	0.34	8.89	0.37	-0.01	0
11.51	0.37	8.86	0.28	0.03	0
11.58	0.35	8.82	0.22	0.05	0
11.61	0.30	8.74	0.25	0.01	0
11.61	0.22	8.63	0.36	-0.03	0
11.60	0.14	8.46	0.57	-0.06	0
11.61	0.07	8.29	0.76	-0.05	0
11.67	0.06	8.12	0.93	-0.05	0
11.78	0.11	7.96	1.04	-0.11	0
11.93	0.21	7.81	1.09	-0.19	0
12.05	0.30	7.73	0.98	-0.20	0
12.15	0.35	7.68	0.81	-0.16	0
12.20	0.35	7.67	0.60	-0.09	0
12.23	0.30	7.68	0.37	-0.02	0
12.23	0.20	7.70	0.15	0.01	0
12.24	0.13	7.70	0.04	0.01	0
12.26	0.08	7.68	0.00	0.01	0
12.30	0.07	7.66	0.02	0.00	0
12.34	0.07	7.66	0.03	0.00	0
12.37	0.09	7.69	0.01	0.01	0
12.41	0.11	7.74	-0.06	0.02	0
12.48	0.14	7.78	-0.14	0.04	0
12.57	0.18	7.77	-0.15	0.06	0
12.70	0.24	7.69	-0.04	0.07	0
12.86	0.32	7.54	0.20	0.04	0
12.97	0.38	7.33	0.55	-0.07	0
12.98	0.34	7.15	0.85	-0.17	0
12.88	0.21	7.01	1.01	-0.16	0
12.67	-0.02	6.93	1.00	0.02	0
12.41	-0.30	6.90	0.85	0.34	90
12.21	-0.51	6.89	0.58	0.55	90
12.12	-0.57	6.89	0.35	0.53	90
12.14	-0.49	6.88	0.18	0.33	90
12.23	-0.30	6.92	0.01	0.09	90
12.31	-0.07	7.04	-0.19	-0.01	90
12.33	0.08	7.24	-0.46	0.04	90
12.26	0.09	7.51	-0.83	0.09	90
12.14	0.00	7.82	-1.26	0.00	90
12.04	-0.13	8.05	-1.50	-0.17	0
11.99	-0.22	8.18	-1.52	-0.28	0
11.99	-0.22	8.21	-1.29	-0.24	0
12.04	-0.15	8.17	-0.88	-0.11	0
12.10	-0.03	8.11	-0.39	-0.01	0
12.13	0.06	8.10	-0.07	0.01	0
12.14	0.10	8.13	0.06	0.00	0
12.11	0.08	8.22	-0.02	0.01	0
12.08	0.03	8.31	-0.18	0.01	0
12.05	-0.03	8.37	-0.35	-0.01	0
12.04	-0.06	8.41	-0.42	-0.02	0
12.03	-0.07	8.45	-0.42	-0.02	0
12.03	-0.05	8.48	-0.34	-0.02	0
12.03	-0.03	8.52	-0.29	-0.01	0
12.02	-0.02	8.60	-0.30	-0.01	0
11.94	-0.07	8.71	-0.40	-0.02	0
11.80	-0.15	8.84	-0.52	-0.06	0
11.59	-0.29	8.97	-0.66	-0.11	0
11.32	-0.47	9.12	-0.79	-0.15	0
11.03	-0.66	9.30	-0.94	-0.18	0
10.81	-0.75	9.47	-1.00	-0.19	0
10.69	-0.74	9.64	-1.07	-0.24	0
10.65	-0.63	9.81	-1.12	-0.31	0
10.67	-0.44	9.98	-1.15	-0.31	0
10.70	-0.21	10.09	-1.06	-0.18	0
10.69	-0.08	10.16	-0.93	-0.07	0
10.62	-0.04	10.19	-0.74	-0.03	0
10.45	-0.13	10.23	-0.56	-0.06	0
10.26	-0.27	10.28	-0.40	-0.04	0
10.06	-0.43	10.38	-0.38	0.02	0
9.85	-0.56	10.52	-0.48	0.04	0
9.60	-0.68	10.73	-0.71	-0.02	0
9.35	-0.73	10.93	-0.92	-0.14	0
9.10	-0.78	11.11	-1.11	-0.26	0
8.84	-0.81	11.28	-1.20	-0.31	0
8.60	-0.84	11.44	-1.22	-0.32	0
8.45	-0.76	11.55	-1.10	-0.26	0
8.38	-0.65	11.66	-0.98	-0.21	0
8.38	-0.48	11.75	-0.85	-0.18	0
8.41	-0.29	11.82	-0.73	-0.13	0
8.44	-0.11	11.85	-0.55	-0.05	0
8.41	-0.03	11.85	-0.40	-0.01	0
8.33	-0.03	11.83	-0.23	-0.01	0
8.19	-0.13	11.81	-0.09	0.01	0
8.04	-0.25	11.82	0.01	0.06	0
7.92	-0.35	11.85	-0.00	0.12	90
7.81	-0.40	11.93	-0.10	0.12	90
7.69	-0.43	12.04	-0.28	0.06	90
7.59	-0.40	12.15	-0.45	-0.02	90
7.46	-0.39	12.24	-0.57	-0.07	90
7.32	-0.40	12.32	-0.62	-0.09	90
7.18	-0.42	12.38	-0.60	-0.07	90
7.09	-0.40	12.42	-0.50	-0.04	90
7.05	-0.36	12.46	-0.41	-0.02	90
7.06	-0.27	12.50	-0.34	-0.02	90
7.12	-0.14	12.54	-0.30	-0.02	90
7.18	0.00	12.57	-0.25	0.00	90
7.24	0.10	12.59	-0.23	0.03	90
7.27	0.15	12.60	-0.19	0.05	90
7.28	0.15	12.60	-0.14	0.04	90
7.28	0.11	12.60	-0.08	0.02	90
7.29	0.07	12.59	-0.04	0.01	90
7.29	0.04	12.59	-0.01	0.00	90
7.27	0.00	12.59	0.00	-0.00	90
7.22	-0.04	12.60	0.00	0.00	90
7.12	-0.11	12.60	-0.00	0.01	90
7.00	-0.19	12.60	-0.01	0.04	90
6.87	-0.29	12.60	-0.01	0.08	90
6.78	-0.33	12.60	-0.01	0.10	90
6.76	-0.31	12.60	-0.01	0.09	90
6.79	-0.22	12.60	-0.01	0.05	90
6.89	-0.07	12.60	-0.00	0.01	90
7.01	0.09	12.59	0.02	0.01	90
7.12	0.23	12.57	0.04	0.04	90
7.22	0.31	12.54	0.08	0.07	90
7.32	0.35	12.51	0.12	0.08	90
7.41	0.35	12.50	0.13	0.07	90
7.50	0.33	12.50	0.12	0.07	90
7.58	0.31	12.51	0.07	0.07	90
7.65	0.28	12.54	-0.00	0.08	90
7.65	0.22	12.57	-0.07	0.06	90
7.61	0.13	12.59	-0.12	0.03	90
7.51	0.01	12.60	-0.14	0.00	90
7.37	-0.14	12.60	-0.12	0.00	90
7.23	-0.28	12.59	-0.06	0.06	90
7.11	-0.36	12.56	0.00	0.13	90
7.02	-0.39	12.53	0.07	0.18	90
6.97	-0.36	12.49	0.15	0.18	90
6.98	-0.26	12.44	0.21	0.12	90
7.02	-0.14	12.39	0.27	0.06	90
7.10	-0.01	12.33	0.32	0.00	90
7.23	0.14	12.24	0.40	-0.04	90
7.39	0.28	12.14	0.47	-0.05	90
7.57	0.39	12.02	0.56	-0.07	90
7.77	0.50	11.89	0.66	-0.08	90
7.95	0.57	11.78	0.73	-0.09	90
8.06	0.55	11.74	0.66	-0.06	90
8.09	0.47	11.77	0.49	-0.01	90
8.06	0.33	11.86	0.21	0.04	90
7.97	0.14	11.98	-0.12	0.04	90
7.87	-0.06	12.08	-0.40	-0.02	90
7.79	-0.18	12.11	-0.50	-0.06	90
7.74	-0.24	12.08	-0.42	-0.04	90
7.73	-0.22	11.98	-0.15	0.02	90
7.75	-0.15	11.83	0.20	0.05	90
7.80	-0.05	11.68	0.52	0.03	90
7.86	0.05	11.54	0.76	-0.03	90
7.94	0.14	11.42	0.89	-0.10	0
8.04	0.21	11.36	0.83	-0.13	0
8.15	0.26	11.33	0.67	-0.11	0
8.26	0.31	11.34	0.46	-0.05	0
8.39	0.36	11.34	0.27	0.03	0
8.50	0.37	11.32	0.13	0.09	0
8.61	0.38	11.26	0.13	0.09	0
8.70	0.37	11.14	0.26	0.04	0
8.81	0.37	10.93	0.54	-0.06	0
8.89	0.33	10.71	0.84	-0.17	0
8.97	0.31	10.48	1.13	-0.26	0
9.05	0.30	10.24	1.35	-0.31	0
9.14	0.29	10.03	1.48	-0.35	0
9.21	0.27	9.90	1.38	-0.30	0
9.27	0.25	9.85	1.15	-0.23	0
9.32	0.23	9.85	0.83	-0.14	0
9.38	0.22	9.89	0.47	-0.05	0
9.43	0.19	9.94	0.11	0.01	0
9.49	0.18	9.96	-0.08	0.05	0
9.55	0.19	9.93	-0.12	0.06	0
9.65	0.22	9.86	-0.01	0.05	0
9.74	0.24	9.77	0.17	0.02	0
9.83	0.27	9.68	0.36	-0.02	0
9.92	0.29	9.59	0.50	-0.06	0
10.02	0.31	9.49	0.59	-0.09	0
10.09	0.30	9.41	0.60	-0.09	0
10.15	0.28	9.33	0.58	-0.08	0
10.20	0.25	9.25	0.57	-0.08	0
10.28	0.23	9.15	0.58	-0.08	0
10.38	0.24	9.05	0.58	-0.08	0
10.53	0.29	8.94	0.62	-0.10	0
10.72	0.38	8.83	0.67	-0.11	0
10.96	0.51	8.71	0.73	-0.11	0
11.16	0.59	8.61	0.71	-0.07	0
11.34	0.64	8.55	0.67	-0.02	0
11.47	0.63	8.51	0.58	0.03	0
11.59	0.58	8.50	0.44	0.09	0
11.68	0.48	8.54	0.23	0.12	90
11.79	0.41	8.59	0.04	0.16	90
11.90	0.38	8.65	-0.13	0.19	90
12.02	0.36	8.66	-0.21	0.21	90
12.09	0.33	8.61	-0.15	0.16	90
12.13	0.30	8.49	0.06	0.07	90
12.14	0.24	8.29	0.39	-0.04	90
12.12	0.15	8.04	0.81	-0.10	90
12.07	0.04	7.83	1.11	-0.04	90
12.02	-0.05	7.68	1.25	0.06	90
11.99	-0.09	7.59	1.20	0.12	90
12.02	-0.08	7.54	1.01	0.09	90
12.10	-0.01	7.51	0.71	0.01	90
12.24	0.12	7.45	0.51	-0.05	90
12.44	0.27	7.36	0.43	-0.04	90
12.66	0.44	7.28	0.42	0.01	90
12.83	0.54	7.25	0.38	0.09	90
12.93	0.55	7.30	0.28	0.15	90
12.96	0.48	7.41	0.05	0.20	90
12.89	0.30	7.58	-0.29	0.18	90
12.74	0.05	7.74	-0.62	0.03	90
12.55	-0.19	7.87	-0.82	-0.12	0
12.35	-0.39	7.94	-0.87	-0.19	0
12.17	-0.52	7.94	-0.71	-0.10	0
12.10	-0.53	7.85	-0.36	0.09	0
12.11	-0.42	7.70	0.05	0.19	90
12.21	-0.22	7.52	0.47	0.16	90
12.36	0.01	7.32	0.83	-0.01	90
12.47	0.20	7.19	1.00	-0.16	0
12.50	0.27	7.13	0.96	-0.19	0
12.45	0.22	7.15	0.73	-0.11	0
12.33	0.08	7.30	0.29	-0.02	0
12.20	-0.10	7.51	-0.26	-0.02	0
12.12	-0.23	7.76	-0.77	-0.12	0
12.10	-0.27	8.03	-1.21	-0.25	0
12.10	-0.23	8.31	-1.55	-0.30	0
12.13	-0.13	8.52	-1.63	-0.20	0
12.14	-0.04	8.66	-1.54	-0.07	0
12.12	0.00	8.75	-1.31	0.00	0
12.11	0.01	8.79	-1.00	0.01	0
12.11	0.00	8.78	-0.62	0.00	0
12.13	0.00	8.78	-0.34	0.00	0
12.18	0.03	8.79	-0.17	0.01	0
12.24	0.08	8.85	-0.13	0.02	0
12.29	0.12	8.93	-0.19	0.04	0
12.30	0.13	9.05	-0.36	0.06	0
12.28	0.10	9.19	-0.55	0.06	0
12.19	0.00	9.34	-0.74	0.00	0
12.05	-0.13	9.44	-0.79	-0.09	0
11.88	-0.27	9.49	-0.75	-0.13	0
11.68	-0.42	9.50	-0.60	-0.08	0
11.41	-0.58	9.48	-0.39	0.11	90
11.15	-0.69	9.46	-0.16	0.37	90
10.88	-0.78	9.47	-0.04	0.58	90
10.61	-0.85	9.53	-0.04	0.68	90
10.32	-0.90	9.67	-0.22	0.61	90
10.10	-0.87	9.85	-0.49	0.33	90
9.90	-0.83	10.07	-0.81	0.02	90
9.73	-0.76	10.32	-1.13	-0.28	0
9.59	-0.68	10.63	-1.47	-0.54	0
9.50	-0.55	10.91	-1.66	-0.61	0
9.45	-0.44	11.19	-1.78	-0.59	0
9.41	-0.33	11.43	-1.82	-0.49	0
9.41	-0.21	11.64	-1.77	-0.33	0
9.47	-0.08	11.73	-1.47	-0.11	0
9.55	0.03	11.75	-1.11	0.04	0
9.65	0.13	11.70	-0.68	0.11	90
9.66	0.17	11.63	-0.26	0.07	90
9.56	0.10	11.59	0.07	0.00	90
9.32	-0.09	11.62	0.15	0.02	90
8.96	-0.40	11.73	0.03	0.17	90
8.46	-0.79	11.91	-0.28	0.41	90
8.01	-1.10	12.09	-0.61	0.54	90
7.64	-1.28	12.24	-0.87	0.53	90
7.36	-1.31	12.35	-0.98	0.44	90
7.12	-1.23	12.42	-0.93	0.37	90
6.96	-1.00	12.43	-0.70	0.30	90
6.79	-0.81	12.41	-0.43	0.31	90
6.61	-0.68	12.38	-0.18	0.34	90
6.42	-0.62	12.37	-0.03	0.37	90
6.31	-0.54	12.41	0.01	0.30	90
6.25	-0.47	12.51	-0.11	0.17	90
6.25	-0.36	12.66	-0.33	0.01	90
6.30	-0.21	12.82	-0.59	-0.08	90
6.36	-0.04	12.94	-0.75	-0.03	90
6.41	0.07	12.98	-0.76	0.05	90
6.43	0.12	12.95	-0.59	0.08	90
6.47	0.14	12.85	-0.25	0.06	90
6.53	0.16	12.72	0.13	0.00	90
6.65	0.19	12.62	0.43	-0.05	90
6.80	0.26	12.54	0.59	-0.09	90
6.96	0.35	12.49	0.61	-0.09	90
7.05	0.39	12.48	0.49	-0.04	90
7.06	0.35	12.47	0.33	0.01	90
7.00	0.24	12.48	0.18	0.01	90
6.90	0.06	12.54	0.00	0.00	90
6.81	-0.10	12.63	-0.19	-0.01	90
6.79	-0.17	12.78	-0.40	-0.04	90
6.84	-0.15	12.95	-0.64	-0.07	90
6.99	-0.01	13.13	-0.86	-0.01	90
7.17	0.18	13.23	-0.93	0.20	90
7.35	0.36	13.26	-0.83	0.43	90
7.53	0.50	13.20	-0.56	0.53	90
7.69	0.57	13.07	-0.16	0.41	90
7.77	0.52	12.93	0.27	0.13	90
7.80	0.42	12.81	0.57	-0.06	90
7.78	0.28	12.72	0.71	-0.12	0
7.74	0.14	12.67	0.71	-0.08	0
7.71	0.01	12.66	0.55	-0.01	0
7.72	-0.03	12.65	0.37	0.01	0
7.78	-0.01	12.65	0.21	0.00	0
7.87	0.06	12.61	0.15	-0.01	0
7.95	0.14	12.54	0.17	-0.00	0
7.99	0.19	12.42	0.31	-0.02	0
8.00	0.18	12.27	0.50	-0.06	0
7.99	0.14	12.10	0.74	-0.08	0
8.00	0.08	11.96	0.87	-0.06	0
8.04	0.06	11.87	0.89	-0.05	0
8.11	0.08	11.83	0.80	-0.06	0
8.21	0.14	11.83	0.59	-0.06	0
8.28	0.19	11.88	0.29	-0.02	0
8.31	0.21	11.92	0.05	0.03	0
8.30	0.17	11.95	-0.11	0.05	0
8.22	0.07	11.92	-0.13	0.01	0
8.11	-0.06	11.83	0.00	0.00	0
7.99	-0.19	11.68	0.27	0.09	0
7.87	-0.30	11.47	0.61	0.27	90
7.76	-0.36	11.22	0.98	0.48	90
7.70	-0.35	11.02	1.20	0.54	90
7.70	-0.28	10.89	1.26	0.43	90
7.74	-0.17	10.83	1.13	0.22	90
7.86	-0.00	10.81	0.87	0.00	90
8.02	0.17	10.82	0.52	-0.06	90
8.20	0.33	10.82	0.27	0.02	90
8.40	0.47	10.78	0.14	0.15	90
8.61	0.58	10.70	0.17	0.24	90
8.76	0.60	10.60	0.28	0.19	90
8.88	0.57	10.49	0.45	0.07	90
8.96	0.51	10.37	0.59	-0.04	90
9.04	0.43	10.26	0.70	-0.12	0
9.12	0.34	10.18	0.69	-0.12	0
9.22	0.31	10.12	0.64	-0.10	0
9.35	0.32	10.08	0.54	-0.07	0
9.51	0.37	10.05	0.43	-0.02	0
9.63	0.39	10.03	0.30	0.03	0
9.71	0.40	9.99	0.25	0.06	0
9.76	0.36	9.94	0.25	0.04	0
9.79	0.29	9.85	0.31	-0.01	0
9.83	0.21	9.76	0.39	-0.04	0
9.90	0.18	9.68	0.47	-0.05	0
10.01	0.20	9.59	0.53	-0.07	0
10.18	0.28	9.50	0.58	-0.09	0
10.36	0.37	9.42	0.58	-0.08	0
10.54	0.47	9.34	0.57	-0.04	0
10.72	0.55	9.26	0.55	-0.00	0
10.92	0.61	9.18	0.54	0.04	0
11.07	0.59	9.12	0.50	0.06	0
11.20	0.56	9.07	0.47	0.05	0
11.30	0.51	9.02	0.43	0.04	0
11.41	0.46	8.94	0.43	0.01	0
11.49	0.38	8.85	0.44	-0.02	0
11.58	0.34	8.74	0.51	-0.06	0
11.66	0.31	8.61	0.62	-0.09	0
11.74	0.29	8.46	0.74	-0.13	0
11.78	0.24	8.37	0.76	-0.13	0
11.79	0.19	8.32	0.71	-0.10	0
11.77	0.13	8.32	0.56	-0.06	0
11.76	0.07	8.29	0.42	-0.02	0
11.78	0.03	8.22	0.32	-0.01	0
11.84	0.04	8.08	0.39	-0.01	0
11.95	0.11	7.86	0.62	-0.06	0
12.10	0.22	7.61	0.94	-0.16	0
12.22	0.31	7.43	1.15	-0.26	0
12.32	0.36	7.35	1.17	-0.29	0
12.37	0.35	7.37	0.95	-0.21	0
12.40	0.30	7.46	0.53	-0.07	0
12.40	0.20	7.57	0.05	0.03	0
12.41	0.12	7.64	-0.28	0.05	0
12.43	0.07	7.65	-0.40	0.04	0
12.47	0.07	7.60	-0.31	0.03	0
12.53	0.09	7.51	-0.07	0.01	0
12.60	0.14	7.42	0.20	-0.01	0
12.68	0.18	7.33	0.42	-0.04	0
12.76	0.22	7.23	0.56	-0.08	0
12.80	0.22	7.15	0.60	-0.08	0
12.80	0.18	7.09	0.56	-0.07	0
12.79	0.12	7.04	0.51	-0.05	0
12.78	0.07	7.00	0.43	-0.02	0
12.82	0.04	6.98	0.33	-0.01	0
12.91	0.07	6.98	0.24	-0.01	0
13.05	0.16	6.98	0.14	0.00	0
13.23	0.29	7.03	0.01	0.08	0
13.37	0.39	7.13	-0.17	0.22	90
13.45	0.42	7.26	-0.37	0.33	90
13.46	0.37	7.43	-0.60	0.36	90
13.40	0.23	7.64	-0.87	0.26	90
13.27	0.03	7.81	-1.04	0.03	90
13.13	-0.16	7.96	-1.12	-0.15	0
12.97	-0.32	8.07	-1.09	-0.24	0
12.80	-0.45	8.16	-0.98	-0.24	0
12.65	-0.49	8.20	-0.75	-0.13	0
12.53	-0.50	8.23	-0.55	-0.03	0
12.43	-0.47	8.26	-0.39	0.04	0
12.31	-0.44	8.34	-0.35	0.04	0
12.20	-0.40	8.46	-0.39	0.00	0
12.08	-0.38	8.63	-0.57	-0.07	0
11.94	-0.40	8.85	-0.83	-0.17	0
11.77	-0.43	9.11	-1.13	-0.30	0
11.65	-0.44	9.31	-1.29	-0.37	0
11.57	-0.42	9.45	-1.32	-0.38	0
11.51	-0.38	9.52	-1.20	-0.31	0
11.41	-0.35	9.60	-1.00	-0.23	0
11.26	-0.34	9.69	-0.77	-0.15	0
11.04	-0.41	9.83	-0.70	-0.12	0
10.76	-0.54	10.04	-0.79	-0.14	0
10.41	-0.73	10.28	-1.01	-0.21	0
10.15	-0.83	10.46	-1.15	-0.26	0
9.98	-0.85	10.57	-1.18	-0.27	0
9.90	-0.76	10.59	-1.02	-0.19	0
9.85	-0.60	10.59	-0.73	-0.08	0
9.82	-0.39	10.57	-0.39	0.00	0
9.74	-0.28	10.62	-0.20	0.02	0
9.59	-0.26	10.72	-0.20	0.02	0
9.33	-0.38	10.91	-0.42	-0.02	0
9.06	-0.53	11.12	-0.71	-0.10	0
8.77	-0.70	11.33	-1.00	-0.21	0
8.49	-0.83	11.53	-1.21	-0.32	0
8.17	-0.95	11.71	-1.32	-0.35	0
7.90	-0.95	11.82	-1.21	-0.25	0
7.65	-0.94	11.89	-1.03	-0.08	0
7.42	-0.90	11.92	-0.79	0.10	90
7.21	-0.85	11.95	-0.57	0.24	90
7.09	-0.72	12.00	-0.39	0.23	90
7.03	-0.58	12.10	-0.37	0.12	90
7.01	-0.42	12.25	-0.48	-0.02	90
7.01	-0.27	12.45	-0.71	-0.12	0
7.01	-0.13	12.64	-0.91	-0.10	0
6.98	-0.08	12.80	-1.06	-0.08	0
6.90	-0.08	12.92	-1.09	-0.09	0
6.82	-0.13	13.02	-1.03	-0.12	0
6.76	-0.17	13.09	-0.85	-0.12	0
6.74	-0.18	13.16	-0.69	-0.09	0
6.77	-0.14	13.22	-0.56	-0.06	0
6.81	-0.07	13.25	-0.44	-0.02	0
6.80	-0.01	13.24	-0.29	-0.00	0
6.74	-0.01	13.18	-0.12	-0.00	0
6.61	-0.09	13.08	0.10	0.02	0
6.46	-0.21	12.98	0.32	0.11	90
6.35	-0.30	12.92	0.44	0.22	90
6.31	-0.33	12.93	0.42	0.24	90
6.36	-0.25	12.99	0.25	0.13	90
6.49	-0.08	13.08	0.00	0.01	90
6.67	0.14	13.15	-0.22	0.05	90
6.86	0.34	13.16	-0.31	0.22	90
7.04	0.49	13.11	-0.24	0.35	90
7.20	0.56	13.00	-0.02	0.33	90
7.28	0.53	12.89	0.25	0.14	90
7.31	0.42	12.80	0.46	-0.02	90
7.29	0.28	12.74	0.56	-0.08	90
7.25	0.14	12.68	0.57	-0.06	90
7.23	0.02	12.62	0.51	-0.01	90
7.25	-0.02	12.54	0.47	0.01	90
7.33	0.01	12.43	0.49	-0.01	90
7.49	0.13	12.30	0.58	-0.06	90
7.67	0.28	12.20	0.64	-0.10	90
7.86	0.42	12.12	0.66	-0.10	0
8.05	0.53	12.08	0.62	-0.05	0
8.18	0.57	12.06	0.49	0.04	0
8.21	0.49	12.09	0.29	0.10	0
8.16	0.32	12.13	0.10	0.07	0
8.02	0.10	12.17	-0.07	0.02	0
7.82	-0.15	12.20	-0.16	-0.00	0
7.66	-0.35	12.18	-0.16	0.07	0
7.55	-0.44	12.12	-0.05	0.17	90
7.52	-0.42	12.02	0.15	0.24	90
7.58	-0.29	11.88	0.39	0.20	90
7.71	-0.08	11.76	0.59	0.05	90
7.86	0.14	11.67	0.68	-0.07	90
8.02	0.31	11.62	0.67	-0.11	0
8.16	0.43	11.57	0.59	-0.07	0
8.22	0.42	11.54	0.45	-0.01	0
8.21	0.34	11.49	0.36	-0.01	0
8.15	0.19	11.41	0.35	-0.03	0
8.11	0.06	11.29	0.43	-0.02	0
8.15	-0.00	11.19	0.51	0.00	0
8.31	0.06	11.09	0.60	-0.03	0
8.59	0.25	10.99	0.66	-0.10	0
8.93	0.52	10.87	0.72	-0.10	0
9.21	0.73	10.75	0.73	-0.00	0
9.36	0.81	10.60	0.79	0.02	0
9.40	0.72	10.43	0.88	-0.11	0
9.35	0.51	10.23	1.02	-0.26	0
9.26	0.22	10.07	1.07	-0.19	0
9.23	0.02	9.94	1.08	-0.02	0
9.26	-0.07	9.84	1.01	0.07	0
9.38	-0.02	9.77	0.88	0.01	0
9.52	0.12	9.74	0.66	-0.06	0
9.68	0.28	9.71	0.48	-0.06	0
9.85	0.41	9.69	0.34	0.03	0
10.03	0.51	9.63	0.28	0.12	90
10.19	0.54	9.56	0.27	0.14	90
10.34	0.54	9.47	0.36	0.10	90
10.48	0.53	9.34	0.50	0.02	90
10.65	0.53	9.14	0.73	-0.11	0
10.78	0.50	8.92	0.95	-0.22	0
10.91	0.48	8.69	1.17	-0.33	0
11.03	0.46	8.45	1.36	-0.41	0
11.18	0.46	8.23	1.47	-0.47	0
11.30	0.44	8.13	1.35	-0.40	0
11.43	0.43	8.11	1.08	-0.28	0
11.55	0.43	8.19	0.67	-0.10	0
11.69	0.44	8.29	0.21	0.10	0
11.79	0.41	8.35	-0.16	0.23	90
11.87	0.38	8.32	-0.26	0.24	90
11.93	0.33	8.20	-0.11	0.15	90
11.98	0.29	8.00	0.25	0.01	90
12.01	0.22	7.80	0.64	-0.09	90
12.05	0.17	7.66	0.92	-0.13	0
12.08	0.14	7.57	0.99	-0.12	0
12.14	0.14	7.54	0.88	-0.10	0
12.21	0.15	7.56	0.59	-0.07	0
12.29	0.19	7.58	0.30	-0.02	0
12.40	0.23	7.59	0.09	0.03	0
12.52	0.29	7.59	-0.01	0.09	0
12.62	0.32	7.56	-0.03	0.11	90
12.70	0.33	7.52	0.05	0.09	90
12.76	0.31	7.46	0.15	0.05	90
12.83	0.29	7.38	0.28	0.00	90
12.90	0.26	7.31	0.37	-0.03	90
13.00	0.25	7.24	0.43	-0.04	90
13.10	0.27	7.18	0.45	-0.05	90
13.20	0.29	7.14	0.43	-0.04	90
13.25	0.28	7.14	0.33	-0.01	90
13.24	0.22	7.16	0.20	0.01	90
13.18	0.12	7.21	0.04	0.01	90
13.10	-0.00	7.28	-0.14	-0.00	90
13.04	-0.11	7.37	-0.30	-0.02	90
13.04	-0.14	7.45	-0.42	-0.04	90
13.10	-0.10	7.54	-0.50	-0.04	90
13.18	0.00	7.63	-0.57	0.00	90
13.25	0.10	7.72	-0.58	0.07	90
13.27	0.15	7.81	-0.59	0.11	90
13.23	0.13	7.91	-0.60	0.09	90
13.11	0.01	8.06	-0.70	0.01	90
12.95	-0.16	8.24	-0.81	-0.10	0
12.76	-0.33	8.46	-0.98	-0.22	0
12.55	-0.48	8.71	-1.20	-0.35	0
12.35	-0.59	8.99	-1.44	-0.50	0
12.23	-0.59	9.20	-1.51	-0.55	0
12.16	-0.53	9.34	-1.47	-0.50	0
12.14	-0.41	9.42	-1.29	-0.36	0
12.12	-0.29	9.46	-1.01	-0.21	0
12.06	-0.19	9.46	-0.63	-0.08	0
11.93	-0.19	9.47	-0.36	-0.03	0
11.72	-0.29	9.50	-0.21	0.02	0
11.39	-0.50	9.59	-0.22	0.14	90
11.04	-0.72	9.72	-0.35	0.26	90
10.70	-0.91	9.90	-0.59	0.30	90
10.36	-1.05	10.11	-0.86	0.20	90
10.03	-1.13	10.35	-1.13	-0.01	90
9.80	-1.06	10.52	-1.24	-0.19	0
9.61	-0.96	10.65	-1.23	-0.26	0
9.47	-0.82	10.72	-1.09	-0.22	0
9.35	-0.67	10.81	-0.93	-0.17	0
9.30	-0.49	10.92	-0.77	-0.14	0
9.25	-0.36	11.12	-0.79	-0.15	0
9.19	-0.28	11.38	-0.98	-0.19	0
9.06	-0.27	11.70	-1.30	-0.28	0
8.88	-0.32	11.95	-1.52	-0.38	0
8.62	-0.45	12.13	-1.60	-0.52	0
8.29	-0.64	12.21	-1.47	-0.53	0
7.90	-0.86	12.23	-1.13	-0.23	0
7.57	-0.99	12.18	-0.64	0.35	90
7.31	-1.04	12.12	-0.23	0.85	90
7.13	-0.99	12.09	0.05	1.04	90
7.00	-0.86	12.08	0.17	0.89	90
6.97	-0.62	12.12	0.14	0.47	90
6.96	-0.41	12.20	-0.03	0.16	90
6.96	-0.24	12.30	-0.23	0.00	90
6.94	-0.13	12.42	-0.45	-0.04	90
6.90	-0.07	12.52	-0.58	-0.04	90
6.84	-0.09	12.59	-0.62	-0.05	90
6.76	-0.14	12.62	-0.57	-0.06	90
6.65	-0.21	12.63	-0.44	-0.05	90
6.56	-0.25	12.62	-0.26	-0.00	90
6.49	-0.28	12.60	-0.11	0.05	90
6.45	-0.26	12.60	-0.02	0.06	90
6.44	-0.21	12.61	0.02	0.05	90
6.46	-0.13	12.63	-0.00	0.02	90
6.49	-0.05	12.65	-0.05	-0.00	90
6.52	0.02	12.68	-0.11	0.00	90
6.56	0.07	12.72	-0.15	0.02	90
6.58	0.09	12.74	-0.17	0.02	90
6.59	0.09	12.76	-0.17	0.02	90
6.59	0.07	12.77	-0.16	0.02	90
6.62	0.07	12.78	-0.13	0.01	90
6.68	0.08	12.78	-0.08	0.01	90
6.79	0.14	12.78	-0.05	0.03	90
6.94	0.24	12.77	-0.02	0.06	90
7.11	0.35	12.77	0.01	0.12	90
7.24	0.41	12.76	0.02	0.16	90
7.31	0.42	12.75	0.04	0.16	90
7.34	0.36	12.73	0.06	0.11	90
7.35	0.28	12.69	0.11	0.04	90
7.39	0.19	12.62	0.19	-0.00	90
7.49	0.17	12.53	0.30	-0.02	90
7.66	0.23	12.42	0.44	-0.05	90
7.86	0.35	12.30	0.57	-0.08	90
8.01	0.44	12.23	0.62	-0.08	90
8.10	0.47	12.19	0.58	-0.05	90
8.11	0.41	12.19	0.45	-0.02	90
8.08	0.28	12.18	0.32	-0.01	90
8.02	0.11	12.14	0.22	-0.01	90
7.98	-0.02	12.03	0.27	0.00	90
7.98	-0.08	11.86	0.45	0.04	90
8.01	-0.07	11.64	0.73	0.06	90
8.04	-0.03	11.48	0.94	0.02	90
8.05	0.02	11.37	1.02	-0.02	90
8.06	0.05	11.34	0.92	-0.04	90
8.08	0.07	11.34	0.69	-0.04	90
8.13	0.08	11.35	0.40	-0.03	90
8.21	0.11	11.32	0.21	-0.01	90
8.33	0.18	11.24	0.17	0.00	90
8.49	0.29	11.13	0.28	0.00	90
8.64	0.37	11.02	0.42	-0.02	90
8.77	0.43	10.93	0.55	-0.05	90
8.89	0.45	10.87	0.60	-0.07	90
8.99	0.44	10.79	0.61	-0.07	90
9.05	0.37	10.70	0.57	-0.07	90
9.10	0.31	10.58	0.59	-0.09	90
9.14	0.25	10.42	0.68	-0.11	0
9.20	0.21	10.21	0.88	-0.14	0
9.26	0.18	10.02	1.03	-0.16	0
9.34	0.20	9.84	1.15	-0.19	0
9.44	0.23	9.68	1.20	-0.22	0
9.57	0.29	9.54	1.17	-0.25	0
9.69	0.32	9.47	0.99	-0.21	0
9.79	0.35	9.44	0.78	-0.15	0
9.89	0.36	9.42	0.55	-0.07	0
10.02	0.38	9.37	0.41	-0.01	0
10.15	0.39	9.27	0.37	0.01	0
10.32	0.42	9.10	0.50	-0.03	0
10.53	0.49	8.85	0.78	-0.14	0
10.79	0.60	8.54	1.17	-0.34	0
11.04	0.68	8.28	1.45	-0.53	0
11.28	0.75	8.07	1.60	-0.63	0
11.51	0.79	7.94	1.54	-0.59	0
11.74	0.81	7.89	1.28	-0.38	0
11.90	0.74	7.93	0.81	-0.05	0
12.03	0.66	8.02	0.35	0.21	90
12.14	0.57	8.12	-0.06	0.37	90
12.26	0.50	8.22	-0.37	0.44	90
12.36	0.41	8.26	-0.50	0.38	90
12.47	0.38	8.25	-0.43	0.31	90
12.60	0.38	8.18	-0.22	0.23	90
12.79	0.43	8.02	0.13	0.13	90
12.98	0.48	7.84	0.50	-0.01	90
13.18	0.55	7.65	0.82	-0.15	0
13.39	0.61	7.47	1.04	-0.26	0
13.57	0.64	7.34	1.12	-0.31	0
13.65	0.57	7.30	0.96	-0.22	0
13.66	0.45	7.34	0.66	-0.09	0
13.59	0.27	7.46	0.26	0.00	0
13.49	0.07	7.59	-0.15	0.01	0
13.42	-0.10	7.66	-0.43	-0.03	0
13.41	-0.16	7.65	-0.46	-0.05	0
13.47	-0.12	7.55	-0.28	-0.02	0
13.56	-0.02	7.43	0.03	0.00	0
13.61	0.08	7.37	0.29	-0.02	0
13.58	0.11	7.41	0.34	-0.02	0
13.47	0.04	7.56	0.12	-0.00	0
13.26	-0.14	7.78	-0.30	-0.02	0
13.03	-0.35	7.97	-0.72	-0.13	0
12.81	-0.53	8.08	-0.95	-0.22	0
12.60	-0.65	8.10	-0.92	-0.17	0
12.42	-0.70	8.08	-0.70	0.00	0
12.33	-0.62	8.06	-0.37	0.15	90
12.29	-0.50	8.10	-0.18	0.16	90
12.28	-0.35	8.21	-0.18	0.06	90
12.28	-0.21	8.39	-0.39	-0.04	90
12.28	-0.10	8.58	-0.67	-0.06	90
12.24	-0.06	8.75	-0.92	-0.05	90
12.14	-0.09	8.90	-1.06	-0.09	90
11.97	-0.21	9.05	-1.12	-0.19	0
11.77	-0.35	9.17	-1.03	-0.24	0
11.54	-0.49	9.30	-0.96	-0.23	0
11.30	-0.62	9.45	-0.93	-0.19	0
11.05	-0.73	9.63	-0.98	-0.18	0
10.86	-0.74	9.80	-1.00	-0.19	0
10.71	-0.71	9.97	-1.07	-0.26	0
10.59	-0.63	10.15	-1.13	-0.31	0
10.44	-0.58	10.35	-1.20	-0.36	0
10.28	-0.51	10.51	-1.17	-0.34	0
10.05	-0.54	10.67	-1.16	-0.33	0
9.77	-0.62	10.83	-1.14	-0.32	0
9.46	-0.75	11.01	-1.15	-0.30	0
9.25	-0.79	11.19	-1.12	-0.26	0
9.14	-0.76	11.38	-1.15	-0.30	0
9.12	-0.62	11.57	-1.20	-0.36	0
9.09	-0.45	11.78	-1.27	-0.37	0
9.00	-0.30	11.92	-1.21	-0.28	0
8.78	-0.31	12.02	-1.11	-0.25	0
8.43	-0.48	12.07	-0.93	-0.22	0
7.96	-0.78	12.11	-0.71	0.05	0
7.55	-1.03	12.13	-0.46	0.58	90
7.25	-1.17	12.17	-0.33	0.98	90
7.06	-1.15	12.25	-0.31	0.97	90
6.93	-1.00	12.39	-0.42	0.58	90
6.87	-0.73	12.55	-0.59	0.10	90
6.77	-0.52	12.73	-0.80	-0.15	0
6.64	-0.41	12.92	-0.99	-0.24	0
6.45	-0.41	13.04	-1.05	-0.26	0
6.27	-0.44	13.04	-0.87	-0.19	0
6.12	-0.50	12.93	-0.50	-0.00	0
6.00	-0.52	12.70	0.04	0.29	90
5.90	-0.49	12.42	0.66	0.56	90
5.86	-0.39	12.21	1.11	0.59	90
5.84	-0.29	12.11	1.25	0.44	90
5.85	-0.18	12.13	1.07	0.23	90
5.89	-0.07	12.25	0.60	0.05	90
5.97	0.04	12.41	0.02	0.00	90
6.07	0.14	12.53	-0.43	0.08	90
6.20	0.24	12.60	-0.66	0.22	90
6.37	0.35	12.63	-0.68	0.36	90
6.53	0.43	12.63	-0.51	0.40	90
6.70	0.48	12.63	-0.29	0.38	90
6.86	0.52	12.63	-0.13	0.34	90
7.04	0.56	12.61	-0.01	0.32	90
7.19	0.54	12.58	0.08	0.26	90
7.33	0.53	12.52	0.15	0.20	90
7.46	0.51	12.43	0.26	0.13	90
7.59	0.49	12.32	0.41	0.04	90
7.66	0.41	12.21	0.53	-0.05	90
7.70	0.34	12.11	0.62	-0.09	90
7.72	0.26	12.03	0.65	-0.10	0
7.76	0.20	11.98	0.60	-0.08	0
7.84	0.17	11.99	0.43	-0.04	0
7.97	0.21	12.05	0.21	-0.00	0
8.16	0.30	12.14	-0.04	0.10	90
8.37	0.43	12.22	-0.26	0.30	90
8.52	0.50	12.25	-0.36	0.43	90
8.59	0.50	12.21	-0.28	0.40	90
8.60	0.42	12.09	-0.06	0.20	90
8.57	0.27	11.92	0.29	-0.00	90
8.54	0.11	11.78	0.59	-0.05	90
8.56	0.03	11.69	0.75	-0.02	90
8.65	0.04	11.64	0.76	-0.03	90
8.81	0.14	11.56	0.71	-0.08	90
8.98	0.28	11.43	0.66	-0.11	0
9.16	0.41	11.19	0.79	-0.15	0
9.31	0.50	10.86	1.11	-0.30	0
9.44	0.53	10.43	1.61	-0.57	0
9.49	0.45	10.08	1.97	-0.69	0
9.49	0.34	9.82	2.14	-0.61	0
9.45	0.19	9.65	2.05	-0.36	0
9.40	0.06	9.56	1.72	-0.10	0
9.39	-0.03	9.55	1.17	0.04	0
9.42	-0.04	9.54	0.72	0.03	0
9.52	0.02	9.52	0.40	-0.01	0
9.69	0.16	9.46	0.26	-0.02	0
9.86	0.30	9.39	0.23	0.02	0
10.01	0.42	9.31	0.33	0.04	0
10.14	0.48	9.21	0.45	0.01	0
10.30	0.52	9.07	0.60	-0.04	0
10.44	0.50	8.92	0.71	-0.11	0
10.60	0.50	8.77	0.82	-0.16	0
10.79	0.52	8.61	0.93	-0.21	0
11.01	0.58	8.44	1.02	-0.26	0
11.20	0.60	8.31	1.00	-0.24	0
11.37	0.62	8.22	0.94	-0.20	0
11.53	0.62	8.15	0.83	-0.13	0
11.71	0.62	8.09	0.69	-0.04	0
11.90	0.59	8.06	0.51	0.05	0
12.12	0.61	8.01	0.40	0.13	90
12.37	0.66	7.96	0.35	0.21	90
12.63	0.74	7.87	0.38	0.27	90
12.80	0.73	7.77	0.43	0.22	90
12.89	0.66	7.66	0.53	0.09	90
12.90	0.52	7.55	0.62	-0.05	90
12.88	0.34	7.43	0.70	-0.12	0
12.87	0.16	7.36	0.68	-0.08	0
12.91	0.08	7.31	0.62	-0.04	0
13.03	0.09	7.29	0.49	-0.04	0
13.22	0.21	7.34	0.28	-0.01	0
13.41	0.35	7.45	-0.01	0.13	90
13.58	0.48	7.59	-0.31	0.38	90
13.73	0.54	7.76	-0.61	0.63	90
13.87	0.56	7.93	-0.85	0.80	90
13.97	0.50	8.03	-0.92	0.72	90
14.07	0.44	8.06	-0.82	0.56	90
14.17	0.39	8.02	-0.58	0.37	90
14.22	0.32	7.96	-0.26	0.19	90
14.20	0.22	7.92	0.01	0.05	90
14.13	0.10	7.96	0.10	-0.00	90
13.99	-0.06	8.06	-0.00	0.00	90
13.77	-0.27	8.22	-0.27	-0.00	90
13.53	-0.46	8.37	-0.55	-0.04	90
13.30	-0.60	8.47	-0.73	-0.07	90
13.08	-0.70	8.52	-0.75	-0.04	90
12.84	-0.77	8.59	-0.70	0.05	90
12.65	-0.74	8.68	-0.60	0.11	90
12.47	-0.71	8.84	-0.63	0.06	90
12.30	-0.67	9.08	-0.81	-0.09	90
12.10	-0.65	9.40	-1.17	-0.34	0
11.94	-0.60	9.70	-1.48	-0.53	0
11.77	-0.59	9.96	-1.71	-0.66	0
11.59	-0.59	10.17	-1.78	-0.70	0
11.33	-0.64	10.37	-1.72	-0.70	0
11.07	-0.69	10.49	-1.46	-0.53	0
10.76	-0.78	10.61	-1.22	-0.34	0
10.42	-0.90	10.73	-1.03	-0.11	0
9.97	-1.08	10.89	-0.96	0.13	90
9.56	-1.18	11.07	-0.94	0.29	90
9.15	-1.28	11.29	-1.06	0.28	90
8.75	-1.34	11.54	-1.24	0.14	90
8.32	-1.40	11.82	-1.46	-0.08	90
7.99	-1.32	12.03	-1.51	-0.25	0
7.69	-1.25	12.18	-1.48	-0.29	0
7.43	-1.15	12.26	-1.30	-0.17	0
7.11	-1.09	12.31	-1.03	0.07	0
6.81	-1.00	12.32	-0.67	0.33	90
6.47	-1.01	12.35	-0.43	0.60	90
6.08	-1.08	12.39	-0.29	0.85	90
5.66	-1.18	12.43	-0.22	1.13	90
5.36	-1.17	12.42	-0.15	1.18	90
5.16	-1.10	12.37	-0.07	1.13	90
5.07	-0.93	12.28	0.09	0.95	90
5.04	-0.69	12.22	0.23	0.64	90
5.07	-0.40	12.24	0.25	0.26	90
5.07	-0.19	12.36	0.08	0.05	90
5.05	-0.08	12.58	-0.28	-0.02	90
5.00	-0.04	12.85	-0.75	-0.03	90
4.96	-0.05	13.04	-1.09	-0.06	90
4.94	-0.09	13.13	-1.19	-0.10	90
4.95	-0.08	13.10	-0.99	-0.08	90
5.04	-0.01	12.94	-0.48	-0.00	90
5.18	0.12	12.72	0.16	-0.01	90
5.38	0.28	12.50	0.72	-0.12	0
5.63	0.46	12.31	1.10	-0.29	0
5.96	0.68	12.16	1.25	-0.39	0
6.27	0.82	12.11	1.11	-0.24	0
6.57	0.92	12.12	0.81	0.11	90
6.84	0.97	12.19	0.42	0.54	90
7.10	0.98	12.33	-0.03	0.99	90
7.27	0.87	12.50	-0.44	1.14	90
7.38	0.74	12.66	-0.73	1.10	90
7.47	0.60	12.79	-0.90	0.90	90
7.55	0.47	12.85	-0.88	0.64	90
7.64	0.36	12.79	-0.61	0.35	90
7.76	0.33	12.64	-0.19	0.17	90
7.94	0.37	12.39	0.35	0.01	90
8.19	0.48	12.05	0.99	-0.24	0
8.45	0.60	11.73	1.49	-0.53	0
8.72	0.72	11.45	1.78	-0.77	0
8.98	0.81	11.23	1.87	-0.86	0
9.24	0.87	11.06	1.77	-0.78	0
9.43	0.82	10.99	1.41	-0.48	0
9.57	0.74	10.95	1.04	-0.22	0
9.66	0.63	10.94	0.69	-0.04	0
9.74	0.51	10.89	0.45	0.03	0
9.80	0.37	10.82	0.32	0.02	0
9.88	0.30	10.70	0.39	-0.03	0
9.99	0.28	10.52	0.58	-0.08	0
10.12	0.30	10.28	0.87	-0.17	0
10.23	0.33	10.09	1.07	-0.24	0
10.33	0.35	9.94	1.18	-0.29	0
10.41	0.35	9.83	1.15	-0.28	0
10.46	0.31	9.75	1.03	-0.22	0
10.47	0.23	9.69	0.79	-0.13	0
10.45	0.14	9.62	0.62	-0.07	0
10.42	0.06	9.53	0.54	-0.03	0
10.40	-0.01	9.40	0.57	0.00	0
10.40	-0.04	9.28	0.62	0.03	0
10.43	-0.02	9.17	0.69	0.02	0
10.51	0.04	9.08	0.73	-0.03	0
10.63	0.14	8.98	0.73	-0.08	0
10.77	0.25	8.92	0.64	-0.10	0
10.91	0.34	8.87	0.55	-0.07	0
11.05	0.41	8.82	0.47	-0.02	0
11.18	0.45	8.75	0.43	0.01	0
11.25	0.41	8.66	0.42	-0.00	0
11.30	0.35	8.54	0.50	-0.05	0
11.32	0.27	8.39	0.64	-0.10	0
11.36	0.21	8.18	0.85	-0.13	0
11.42	0.16	8.00	1.00	-0.14	0
11.54	0.19	7.83	1.11	-0.18	0
11.71	0.27	7.69	1.14	-0.24	0
11.96	0.43	7.57	1.09	-0.28	0
12.22	0.57	7.51	0.90	-0.19	0
12.47	0.70	7.48	0.69	0.01	0
12.70	0.77	7.49	0.46	0.25	90
12.93	0.81	7.51	0.24	0.46	90
13.08	0.74	7.52	0.06	0.51	90
13.19	0.65	7.52	-0.01	0.43	90
13.28	0.54	7.50	-0.01	0.30	90
13.35	0.44	7.48	0.01	0.18	90
13.41	0.32	7.48	0.03	0.10	90
13.49	0.28	7.53	-0.01	0.08	90
13.59	0.26	7.61	-0.12	0.10	90
13.68	0.27	7.72	-0.29	0.15	90
13.73	0.25	7.81	-0.44	0.17	90
13.73	0.21	7.87	-0.52	0.15	90
13.68	0.12	7.92	-0.52	0.08	90
13.59	0.00	8.02	-0.55	0.00	90
13.50	-0.12	8.17	-0.60	-0.06	90
13.43	-0.20	8.41	-0.80	-0.12	0
13.38	-0.23	8.72	-1.13	-0.21	0
13.31	-0.25	9.11	-1.59	-0.33	0
13.22	-0.25	9.42	-1.87	-0.40	0
13.08	-0.28	9.65	-1.98	-0.47	0
12.90	-0.35	9.79	-1.84	-0.52	0
12.62	-0.50	9.83	-1.47	-0.49	0
12.33	-0.65	9.77	-0.88	-0.15	0
12.03	-0.79	9.69	-0.36	0.34	90
11.71	-0.92	9.61	0.05	0.89	90
11.34	-1.04	9.61	0.23	1.33	90
11.01	-1.07	9.71	0.16	1.32	90
10.69	-1.09	9.92	-0.19	0.98	90
10.38	-1.10	10.23	-0.72	0.42	90
10.04	-1.11	10.67	-1.41	-0.33	0
9.77	-1.05	11.08	-1.96	-0.95	0
9.51	-1.00	11.44	-2.32	-1.31	0
9.27	-0.95	11.75	-2.44	-1.42	0
8.95	-0.96	12.00	-2.36	-1.34	0
8.62	-0.95	12.15	-1.97	-0.97	0
8.23	-1.03	12.26	-1.57	-0.56	0
7.78	-1.16	12.34	-1.19	-0.04	0
7.25	-1.34	12.39	-0.86	0.65	90
6.81	-1.42	12.41	-0.54	1.25	90
6.43	-1.46	12.41	-0.36	1.60	90
6.12	-1.41	12.42	-0.22	1.67	90
5.80	-1.32	12.45	-0.16	1.55	90
5.54	-1.14	12.52	-0.17	1.12	90
5.25	-1.04	12.62	-0.28	0.79	90
4.94	-0.99	12.76	-0.46	0.53	90
4.60	-1.01	12.92	-0.67	0.35	90
4.33	-0.98	13.04	-0.79	0.18	90
4.13	-0.94	13.12	-0.81	0.12	90
3.99	-0.84	13.16	-0.72	0.11	90
3.93	-0.67	13.16	-0.53	0.10	90
3.97	-0.42	13.13	-0.28	0.06	90
4.06	-0.18	13.12	-0.10	0.01	90
4.20	0.05	13.13	-0.00	0.00	90
4.40	0.28	13.15	0.01	0.08	90
4.63	0.46	13.19	-0.05	0.24	90
4.86	0.59	13.23	-0.13	0.43	90
5.11	0.70	13.27	-0.20	0.62	90
5.41	0.81	13.27	-0.19	0.81	90
5.69	0.86	13.23	-0.10	0.82	90
5.98	0.90	13.14	0.07	0.75	90
6.27	0.94	13.00	0.30	0.60	90
6.63	1.02	12.78	0.65	0.37	90
6.96	1.03	12.53	0.99	0.04	90
7.28	1.06	12.25	1.30	-0.25	0
7.61	1.09	11.97	1.56	-0.51	0
7.95	1.12	11.70	1.74	-0.69	0
8.21	1.05	11.53	1.66	-0.64	0
8.43	0.98	11.44	1.44	-0.45	0
8.61	0.88	11.43	1.10	-0.19	0
8.77	0.77	11.44	0.71	0.05	0
8.87	0.61	11.43	0.35	0.16	90
8.96	0.50	11.36	0.22	0.14	90
9.06	0.42	11.22	0.30	0.05	90
9.20	0.40	10.98	0.61	-0.08	90
9.36	0.39	10.72	0.96	-0.22	0
9.54	0.45	10.46	1.29	-0.38	0
9.76	0.53	10.23	1.52	-0.52	0
10.08	0.68	10.00	1.62	-0.64	0
10.39	0.79	9.86	1.49	-0.55	0
10.74	0.92	9.76	1.28	-0.33	0
11.09	1.03	9.69	1.04	-0.01	0
11.41	1.10	9.61	0.82	0.31	90
11.59	1.01	9.54	0.61	0.40	90
11.66	0.85	9.43	0.57	0.24	90
11.62	0.59	9.29	0.62	-0.01	90
11.51	0.29	9.15	0.72	-0.12	0
11.40	-0.01	9.06	0.74	0.01	0
11.34	-0.17	9.04	0.67	0.14	90
11.35	-0.21	9.07	0.48	0.14	90
11.42	-0.14	9.09	0.27	0.06	90
11.49	-0.01	9.05	0.12	0.00	90
11.54	0.09	8.91	0.20	-0.01	90
11.56	0.14	8.66	0.50	-0.05	90
11.57	0.14	8.32	1.01	-0.12	0
11.59	0.11	8.01	1.45	-0.15	0
11.64	0.10	7.76	1.73	-0.16	0
11.72	0.12	7.59	1.76	-0.20	0
11.83	0.18	7.47	1.60	-0.25	0
11.90	0.22	7.41	1.21	-0.22	0
11.94	0.24	7.35	0.88	-0.15	0
11.94	0.20	7.28	0.64	-0.09	0
11.94	0.14	7.21	0.51	-0.05	0
11.94	0.07	7.15	0.42	-0.03	0
11.98	0.05	7.12	0.38	-0.02	0
12.05	0.07	7.12	0.31	-0.02	0
12.19	0.16	7.17	0.15	0.00	0
12.33	0.26	7.27	-0.08	0.09	0
12.47	0.35	7.40	-0.33	0.24	90
12.60	0.42	7.58	-0.61	0.43	90
12.72	0.45	7.85	-0.97	0.63	90
12.79	0.40	8.13	-1.28	0.68	90
12.83	0.34	8.44	-1.57	0.64	90
12.84	0.25	8.77	-1.82	0.52	90
12.82	0.15	9.10	-2.03	0.32	90
12.79	0.05	9.34	-1.99	0.09	90
12.75	-0.03	9.50	-1.83	-0.05	90
12.71	-0.08	9.59	-1.54	-0.12	0
12.63	-0.14	9.64	-1.17	-0.15	0
12.51	-0.21	9.65	-0.73	-0.11	0
12.33	-0.30	9.68	-0.46	-0.05	0
12.11	-0.43	9.74	-0.32	0.04	0
11.83	-0.59	9.87	-0.36	0.13	90
11.59	-0.69	10.01	-0.49	0.14	90
11.39	-0.75	10.18	-0.70	0.04	90
11.21	-0.75	10.36	-0.90	-0.11	0
11.02	-0.73	10.58	-1.12	-0.28	0
10.85	-0.66	10.78	-1.22	-0.37	0
10.65	-0.63	10.97	-1.28	-0.41	0
10.41	-0.65	11.16	-1.31	-0.43	0
10.10	-0.74	11.34	-1.31	-0.42	0
9.82	-0.80	11.48	-1.19	-0.32	0
9.56	-0.86	11.59	-1.08	-0.19	0
9.30	-0.89	11.69	-0.96	-0.06	0
8.96	-0.96	11.80	-0.86	0.10	90
8.61	-0.99	11.88	-0.72	0.27	90
8.18	-1.09	11.97	-0.66	0.47	90
7.70	-1.24	12.07	-0.64	0.74	90
7.17	-1.42	12.23	-0.72	1.01	90
6.77	-1.46	12.41	-0.82	0.94	90
6.49	-1.41	12.63	-0.99	0.59	90
6.31	-1.25	12.87	-1.19	0.07	90
6.14	-1.04	13.08	-1.35	-0.32	0
5.97	-0.80	13.20	-1.29	-0.39	0
5.70	-0.71	13.21	-1.07	-0.25	0
5.33	-0.77	13.13	-0.66	0.08	0
4.88	-0.96	12.92	-0.08	0.84	90
4.50	-1.09	12.68	0.53	1.77	90
4.23	-1.16	12.45	1.00	2.50	90
4.08	-1.08	12.23	1.31	2.59	90
4.01	-0.88	12.07	1.41	2.02	90
4.03	-0.56	12.00	1.24	1.01	90
4.05	-0.30	11.99	0.93	0.37	90
4.06	-0.12	12.04	0.54	0.08	90
4.08	0.00	12.14	0.12	-0.00	90
4.12	0.07	12.26	-0.26	0.02	90
4.19	0.11	12.36	-0.48	0.06	90
4.31	0.17	12.42	-0.57	0.13	90
4.56	0.34	12.40	-0.48	0.27	90
4.90	0.55	12.29	-0.20	0.41	90
5.33	0.81	12.12	0.19	0.50	90
5.84	1.10	11.88	0.63	0.52	90
6.47	1.44	11.58	1.12	0.46	90
7.00	1.62	11.31	1.46	0.27	90
7.46	1.71	11.07	1.63	0.13	90
7.84	1.68	10.88	1.65	0.04	90
8.21	1.58	10.72	1.55	0.05	90
8.49	1.35	10.64	1.26	0.12	90
8.77	1.18	10.57	0.98	0.23	90
9.07	1.08	10.50	0.76	0.34	90
9.46	1.08	10.35	0.70	0.41	90
9.82	1.07	10.15	0.77	0.33	90
10.19	1.14	9.85	1.05	0.10	90
10.58	1.21	9.47	1.46	-0.31	0
11.07	1.33	9.05	1.93	-0.80	0
11.53	1.38	8.76	2.13	-1.04	0
12.02	1.47	8.59	2.08	-0.90	0
12.53	1.56	8.54	1.74	-0.29	0
13.08	1.66	8.52	1.26	0.66	90
13.49	1.61	8.48	0.76	1.37	90
13.82	1.52	8.33	0.58	1.45	90
14.06	1.36	8.05	0.72	0.87	90
14.24	1.14	7.66	1.18	-0.04	90
14.33	0.83	7.31	1.62	-0.65	0
14.40	0.61	7.04	1.92	-0.80	0
14.47	0.44	6.87	1.95	-0.66	0
14.56	0.33	6.77	1.70	-0.46	0
14.64	0.27	6.75	1.21	-0.25	0
14.73	0.27	6.74	0.76	-0.13	0
14.82	0.28	6.73	0.41	-0.04	0
14.88	0.28	6.76	0.14	0.04	0
14.88	0.21	6.85	-0.11	0.07	0
14.80	0.11	7.00	-0.33	0.05	0
14.67	-0.04	7.20	-0.62	-0.02	0
14.49	-0.23	7.46	-0.98	-0.17	0
14.33	-0.37	7.69	-1.23	-0.32	0
14.20	-0.45	7.86	-1.35	-0.40	0
14.13	-0.45	8.00	-1.33	-0.40	0
14.05	-0.41	8.14	-1.25	-0.35	0
14.00	-0.33	8.28	-1.09	-0.25	0
13.91	-0.28	8.45	-1.03	-0.21	0
13.76	-0.30	8.68	-1.08	-0.23	0
13.38	-0.50	8.97	-1.30	-0.40	0
12.83	-0.81	9.24	-1.46	-0.53	0
12.10	-1.26	9.49	-1.61	-0.44	0
11.22	-1.79	9.71	-1.67	0.20	90
10.29	-2.31	9.95	-1.69	1.44	90
9.65	-2.49	10.13	-1.55	2.34	90
9.30	-2.36	10.32	-1.44	2.16	90
9.25	-1.90	10.51	-1.37	1.02	90
9.42	-1.20	10.76	-1.40	-0.24	0
9.69	-0.40	11.00	-1.41	-0.40	0
9.86	0.14	11.26	-1.51	0.24	90
9.88	0.39	11.54	-1.63	0.79	90
9.68	0.29	11.84	-1.76	0.59	90
9.33	-0.06	12.05	-1.72	-0.10	90
8.90	-0.53	12.22	-1.62	-0.58	0
8.39	-0.98	12.32	-1.41	-0.43	0
7.75	-1.42	12.41	-1.15	0.38	90
7.17	-1.67	12.45	-0.82	1.43	90
6.62	-1.81	12.50	-0.60	2.19	90
6.10	-1.87	12.58	-0.48	2.59	90
5.56	-1.89	12.70	-0.50	2.62	90
5.15	-1.73	12.83	-0.57	2.02	90
4.78	-1.59	12.98	-0.71	1.41	90
4.45	-1.44	13.14	-0.85	0.86	90
4.14	-1.31	13.31	-0.98	0.43	90
3.93	-1.09	13.44	-0.99	0.11	90
3.75	-0.93	13.54	-0.95	-0.02	90
3.62	-0.78	13.60	-0.83	-0.04	90
3.52	-0.62	13.56	-0.56	0.03	90
3.50	-0.43	13.41	-0.14	0.12	90
3.50	-0.29	13.17	0.36	0.18	90
3.53	-0.15	12.86	0.92	0.16	90
3.62	-0.00	12.46	1.52	0.00	90
3.74	0.14	12.13	1.91	-0.25	0
3.89	0.26	11.86	2.07	-0.48	0
4.08	0.39	11.68	2.00	-0.62	0
4.35	0.55	11.56	1.73	-0.65	0
4.65	0.69	11.52	1.25	-0.39	0
4.98	0.83	11.51	0.83	-0.00	0
5.35	0.97	11.50	0.49	0.47	90
5.81	1.16	11.47	0.27	1.03	90
6.24	1.26	11.46	0.14	1.41	90
6.68	1.36	11.43	0.13	1.66	90
7.12	1.43	11.38	0.18	1.78	90
7.60	1.50	11.24	0.34	1.74	90
7.98	1.44	11.04	0.58	1.24	90
8.32	1.38	10.76	0.93	0.63	90
8.63	1.30	10.42	1.34	-0.06	90
9.01	1.26	10.02	1.80	-0.68	0
9.37	1.18	9.71	2.03	-1.01	0
9.78	1.20	9.49	2.07	-1.04	0
10.25	1.29	9.34	1.89	-0.78	0
10.84	1.47	9.21	1.61	-0.20	0
11.36	1.57	9.10	1.23	0.53	90
11.86	1.66	8.94	1.04	1.03	90
12.32	1.69	8.71	1.04	1.11	90
12.81	1.70	8.41	1.24	0.78	90
13.18	1.56	8.15	1.41	0.24	90
13.54	1.45	7.95	1.54	-0.13	0
13.88	1.35	7.79	1.53	-0.24	0
14.23	1.27	7.66	1.39	-0.15	0
14.50	1.13	7.58	1.10	0.03	0
14.76	1.05	7.49	0.88	0.18	90
14.97	0.95	7.39	0.74	0.20	90
15.05	0.78	7.27	0.69	0.07	90
14.92	0.46	7.18	0.64	-0.08	90
14.63	0.08	7.11	0.63	-0.04	90
14.19	-0.38	7.06	0.58	0.36	90
13.75	-0.81	7.07	0.42	1.00	90
13.52	-1.02	7.15	0.16	1.20	90
13.55	-0.91	7.28	-0.14	0.71	90
13.85	-0.52	7.46	-0.47	0.02	90
14.31	0.08	7.71	-0.87	0.08	90
14.72	0.65	7.96	-1.18	1.18	90
14.94	0.95	8.19	-1.38	2.20	90
14.94	0.93	8.41	-1.51	2.25	90
14.73	0.59	8.67	-1.61	1.29	90
14.43	0.08	8.89	-1.57	0.13	90
14.15	-0.38	9.13	-1.57	-0.45	0
13.92	-0.68	9.39	-1.60	-0.63	0
13.65	-0.86	9.68	-1.70	-0.72	0
13.41	-0.88	9.92	-1.67	-0.70	0
13.10	-0.88	10.13	-1.65	-0.68	0
12.74	-0.94	10.31	-1.57	-0.60	0
12.25	-1.11	10.52	-1.50	-0.43	0
11.78	-1.25	10.69	-1.34	-0.12	0
11.29	-1.41	10.89	-1.29	0.17	90
10.80	-1.54	11.10	-1.30	0.36	90
10.20	-1.69	11.37	-1.41	0.49	90
9.66	-1.72	11.59	-1.43	0.50	90
9.10	-1.78	11.80	-1.48	0.54	90
8.52	-1.85	11.99	-1.47	0.70	90
7.85	-1.97	12.19	-1.45	1.01	90
7.29	-1.94	12.37	-1.33	1.19	90
6.75	-1.95	12.55	-1.28	1.30	90
6.24	-1.91	12.74	-1.26	1.24	90
5.70	-1.88	12.93	-1.26	1.17	90
5.27	-1.72	13.05	-1.15	0.98	90
4.87	-1.61	13.12	-1.01	0.98	90
4.49	-1.51	13.14	-0.78	1.09	90
4.09	-1.43	13.14	-0.53	1.28	90
3.80	-1.26	13.16	-0.30	1.22	90
3.54	-1.15	13.22	-0.22	1.08	90
3.33	-1.03	13.31	-0.26	0.79	90
3.15	-0.89	13.40	-0.35	0.48	90
3.07	-0.68	13.44	-0.39	0.20	90
3.05	-0.50	13.38	-0.30	0.10	90
3.08	-0.31	13.24	-0.03	0.09	90
3.13	-0.13	12.96	0.48	0.08	90
3.18	0.02	12.63	1.03	-0.02	90
3.21	0.09	12.28	1.55	-0.13	0
3.22	0.11	11.92	1.95	-0.20	0
3.28	0.13	11.60	2.18	-0.27	0
3.39	0.18	11.44	2.03	-0.33	0
3.61	0.28	11.38	1.66	-0.39	0
3.92	0.47	11.43	1.13	-0.31	0
4.41	0.80	11.52	0.53	0.21	90
4.95	1.12	11.59	0.02	1.23	90
5.53	1.42	11.57	-0.18	2.28	90
6.13	1.68	11.45	-0.09	2.98	90
6.83	1.94	11.20	0.31	3.17	90
7.41	2.00	10.93	0.79	2.41	90
7.95	2.00	10.68	1.22	1.57	90
8.45	1.95	10.45	1.50	0.88	90
8.98	1.90	10.18	1.68	0.40	90
9.39	1.71	9.94	1.68	0.05	90
9.79	1.59	9.67	1.69	-0.16	0
10.19	1.49	9.36	1.75	-0.39	0
10.71	1.51	9.02	1.91	-0.60	0
11.21	1.49	8.74	1.92	-0.64	0
11.77	1.59	8.50	1.91	-0.52	0
12.39	1.73	8.31	1.81	-0.14	0
13.11	1.94	8.09	1.70	0.48	90
13.72	2.01	7.90	1.50	1.02	90
14.28	2.04	7.66	1.44	1.23	90
14.77	2.00	7.39	1.49	1.02	90
15.20	1.88	7.12	1.59	0.54	90
15.46	1.57	6.95	1.53	0.06	90
15.64	1.28	6.88	1.35	-0.10	90
15.75	0.98	6.91	0.99	-0.01	90
15.83	0.71	7.01	0.50	0.14	90
15.86	0.44	7.12	-0.01	0.19	90
15.90	0.30	7.18	-0.31	0.18	90
15.97	0.22	7.18	-0.40	0.13	90
16.04	0.19	7.13	-0.29	0.09	90
16.08	0.17	7.06	-0.06	0.04	90
16.10	0.16	7.00	0.16	-0.00	90
16.07	0.11	6.98	0.27	-0.02	90
15.99	0.01	7.05	0.17	-0.00	90
15.87	-0.11	7.21	-0.11	0.00	90
15.74	-0.23	7.46	-0.54	-0.07	90
15.58	-0.34	7.79	-1.06	-0.24	0
15.35	-0.48	8.25	-1.70	-0.59	0
15.10	-0.59	8.70	-2.20	-0.95	0
14.82	-0.70	9.13	-2.56	-1.30	0
14.50	-0.83	9.55	-2.78	-1.62	0
14.02	-1.04	9.97	-2.90	-1.93	0
13.53	-1.21	10.27	-2.68	-1.78	0
12.97	-1.42	10.52	-2.43	-1.43	0
12.36	-1.64	10.74	-2.14	-0.81	0
11.61	-1.92	11.00	-1.94	-0.03	0
10.97	-2.04	11.26	-1.73	0.64	90
10.36	-2.11	11.58	-1.75	0.78	90
9.79	-2.12	11.94	-1.89	0.48	90
9.16	-2.13	12.32	-2.11	0.04	90
8.62	-2.00	12.58	-2.10	-0.21	0
8.05	-1.95	12.72	-1.94	0.01	0
7.46	-1.94	12.73	-1.54	0.77	90
6.78	-2.01	12.62	-0.91	2.21	90
6.23	-1.95	12.46	-0.18	3.46	90
5.73	-1.92	12.31	0.37	4.40	90
5.28	-1.84	12.18	0.71	4.71	90
4.79	-1.78	12.10	0.83	4.65	90
4.36	-1.61	12.09	0.72	3.77	90
3.89	-1.56	12.10	0.48	3.17	90
3.40	-1.55	12.15	0.21	2.73	90
2.90	-1.59	12.26	-0.10	2.36	90
2.57	-1.48	12.39	-0.38	1.62	90
2.36	-1.33	12.54	-0.61	0.96	90
2.28	-1.08	12.71	-0.81	0.29	90
2.27	-0.76	12.86	-0.95	-0.15	0
2.30	-0.40	12.96	-0.94	-0.22	0
2.28	-0.19	13.01	-0.83	-0.12	0
2.21	-0.10	13.01	-0.62	-0.05	0
2.19	-0.06	12.94	-0.31	-0.01	0
2.27	-0.00	12.83	0.05	0.00	0
2.48	0.12	12.70	0.35	-0.03	0
2.83	0.36	12.57	0.60	-0.08	0
3.36	0.76	12.42	0.79	-0.02	0
3.87	1.12	12.30	0.85	0.30	90
4.35	1.39	12.20	0.84	0.77	90
4.78	1.54	12.11	0.79	1.15	90
5.27	1.63	11.95	0.82	1.32	90
5.69	1.56	11.76	0.88	1.06	90
6.16	1.52	11.50	1.07	0.69	90
6.67	1.55	11.17	1.38	0.26	90
7.32	1.69	10.76	1.80	-0.18	0
7.93	1.77	10.42	2.04	-0.47	0
8.54	1.90	10.15	2.15	-0.48	0
9.15	2.00	9.94	2.08	-0.16	0
9.92	2.17	9.71	1.94	0.50	90
10.64	2.21	9.50	1.68	1.17	90
11.40	2.32	9.23	1.59	1.68	90
12.20	2.44	8.90	1.66	1.91	90
13.07	2.61	8.52	1.89	1.90	90
13.75	2.55	8.23	1.98	1.47	90
14.32	2.46	8.01	1.98	1.16	90
14.77	2.25	7.88	1.80	1.00	90
15.15	1.97	7.78	1.50	0.93	90
15.39	1.54	7.70	1.09	0.70	90
15.61	1.24	7.58	0.86	0.47	90
15.83	1.00	7.41	0.81	0.20	90
16.03	0.84	7.20	0.91	-0.06	90
16.15	0.66	7.03	1.00	-0.22	0
16.22	0.55	6.91	1.05	-0.28	0
16.24	0.42	6.86	0.96	-0.23	0
16.25	0.28	6.88	0.71	-0.12	0
16.27	0.16	6.96	0.32	-0.03	0
16.34	0.13	7.06	-0.04	0.02	0
16.45	0.16	7.17	-0.35	0.08	0
16.55	0.21	7.34	-0.65	0.18	90
16.60	0.23	7.52	-0.85	0.25	90
16.55	0.19	7.72	-1.02	0.23	90
16.42	0.05	7.94	-1.18	0.07	90
16.15	-0.20	8.23	-1.40	-0.24	0
15.84	-0.48	8.49	-1.53	-0.50	0
15.50	-0.73	8.76	-1.66	-0.68	0
15.14	-0.94	9.04	-1.77	-0.78	0
14.62	-1.20	9.38	-1.92	-0.86	0
14.08	-1.38	9.68	-1.94	-0.76	0
13.43	-1.60	9.98	-1.98	-0.61	0
12.71	-1.86	10.28	-2.02	-0.30	0
11.85	-2.20	10.62	-2.10	0.21	90
11.13	-2.33	10.89	-2.01	0.73	90
10.50	-2.38	11.14	-1.95	1.03	90
9.96	-2.31	11.37	-1.85	1.06	90
9.37	-2.22	11.63	-1.80	0.95	90
8.85	-2.00	11.86	-1.66	0.68	90
8.25	-1.92	12.12	-1.64	0.54	90
7.57	-1.96	12.39	-1.67	0.57	90
6.72	-2.16	12.68	-1.75	0.89	90
5.96	-2.27	12.90	-1.70	1.30	90
5.25	-2.40	13.08	-1.62	1.87	90
4.60	-2.43	13.19	-1.43	2.44	90
3.92	-2.43	13.26	-1.16	3.08	90
3.41	-2.21	13.26	-0.77	3.16	90
2.93	-2.02	13.25	-0.46	3.16	90
2.50	-1.84	13.22	-0.19	3.02	90
2.13	-1.64	13.18	0.01	2.72	90
1.95	-1.31	13.15	0.14	1.91	90
1.89	-1.01	13.13	0.18	1.21	90
1.94	-0.66	13.11	0.18	0.56	90
2.10	-0.26	13.11	0.15	0.11	90
2.32	0.12	13.11	0.09	0.00	90
2.53	0.38	13.13	0.03	0.13	90
2.72	0.55	13.14	-0.02	0.31	90
2.90	0.64	13.12	-0.01	0.41	90
3.02	0.61	13.06	0.07	0.33	90
3.11	0.53	12.95	0.21	0.17	90
3.21	0.46	12.81	0.42	0.02	90
3.41	0.47	12.62	0.69	-0.10	0
3.69	0.53	12.46	0.88	-0.19	0
4.09	0.72	12.31	1.00	-0.20	0
4.62	1.00	12.19	1.02	-0.02	0
5.36	1.44	12.06	1.01	0.61	90
6.10	1.79	11.94	0.91	1.58	90
6.84	2.10	11.81	0.86	2.61	90
7.58	2.32	11.65	0.87	3.36	90
8.38	2.51	11.40	1.05	3.67	90
9.02	2.44	11.12	1.24	2.92	90
9.62	2.35	10.79	1.53	1.93	90
10.18	2.23	10.43	1.85	0.85	90
10.80	2.15	10.01	2.20	-0.11	0
11.31	1.95	9.67	2.31	-0.71	0
11.83	1.87	9.38	2.32	-0.85	0
12.36	1.82	9.15	2.19	-0.66	0
12.98	1.86	8.93	2.00	-0.25	0
13.50	1.80	8.76	1.67	0.24	90
13.99	1.79	8.56	1.48	0.56	90
14.46	1.75	8.33	1.40	0.62	90
14.92	1.71	8.04	1.48	0.39	90
15.25	1.52	7.78	1.53	-0.02	90
15.53	1.35	7.54	1.63	-0.37	0
15.76	1.18	7.31	1.67	-0.58	0
15.96	1.00	7.09	1.65	-0.65	0
16.08	0.77	6.96	1.45	-0.52	0
16.18	0.62	6.86	1.23	-0.38	0
16.27	0.49	6.81	0.97	-0.24	0
16.36	0.40	6.79	0.69	-0.12	0
16.44	0.32	6.80	0.39	-0.02	0
16.51	0.29	6.81	0.19	0.03	0
16.57	0.26	6.83	0.04	0.06	0
16.58	0.21	6.91	-0.13	0.07	0
16.54	0.12	7.02	-0.31	0.05	0
16.42	-0.01	7.19	-0.52	-0.00	0
16.25	-0.17	7.41	-0.80	-0.11	0
15.96	-0.41	7.77	-1.24	-0.34	0
15.66	-0.61	8.15	-1.66	-0.64	0
15.35	-0.79	8.57	-2.07	-1.01	0
15.02	-0.94	9.02	-2.44	-1.41	0
14.55	-1.13	9.48	-2.75	-1.83	0
14.05	-1.27	9.80	-2.70	-1.82	0
13.47	-1.46	10.02	-2.49	-1.50	0
12.82	-1.69	10.14	-2.09	-0.68	0
12.04	-1.98	10.25	-1.65	0.67	90
11.40	-2.10	10.35	-1.17	1.97	90
10.83	-2.15	10.53	-0.97	2.52	90
10.35	-2.08	10.79	-1.03	2.20	90
9.80	-2.01	11.15	-1.35	1.33	90
9.30	-1.82	11.50	-1.66	0.30	90
8.72	-1.79	11.81	-1.95	-0.29	0
8.04	-1.86	12.08	-2.07	-0.40	0
7.21	-2.09	12.34	-2.07	0.06	0
6.48	-2.21	12.51	-1.81	0.90	90
5.81	-2.33	12.67	-1.56	1.79	90
5.21	-2.34	12.80	-1.32	2.37	90
4.61	-2.29	12.91	-1.10	2.72	90
4.15	-2.04	12.94	-0.81	2.50	90
3.71	-1.85	12.92	-0.55	2.39	90
3.29	-1.68	12.86	-0.26	2.38	90
2.86	-1.57	12.79	0.02	2.49	90
2.58	-1.36	12.73	0.24	2.17	90
2.36	-1.20	12.70	0.32	1.81	90
2.21	-1.00	12.72	0.26	1.26	90
2.14	-0.76	12.79	0.10	0.66	90
2.16	-0.47	12.88	-0.13	0.16	90
2.21	-0.25	12.97	-0.32	-0.02	90
2.28	-0.05	13.04	-0.45	-0.02	90
2.43	0.14	13.07	-0.46	0.08	90
2.60	0.30	13.03	-0.31	0.19	90
2.80	0.43	12.93	-0.07	0.21	90
3.05	0.56	12.78	0.25	0.18	90
3.42	0.76	12.56	0.64	0.09	90
3.84	0.94	12.34	0.96	-0.02	90
4.32	1.15	12.14	1.19	-0.05	90
4.86	1.37	11.94	1.32	0.07	90
5.51	1.64	11.72	1.41	0.37	90
6.07	1.76	11.52	1.38	0.66	90
6.59	1.83	11.31	1.39	0.82	90
7.06	1.83	11.07	1.42	0.75	90
7.63	1.85	10.79	1.54	0.57	90
8.14	1.75	10.55	1.56	0.33	90
8.71	1.76	10.33	1.59	0.30	90
9.35	1.84	10.13	1.57	0.51	90
10.12	2.04	9.94	1.50	1.10	90
10.79	2.11	9.82	1.29	1.74	90
11.41	2.18	9.73	1.09	2.37	90
11.97	2.17	9.65	0.90	2.76	90
12.55	2.14	9.53	0.80	2.85	90
13.00	1.92	9.39	0.74	2.25	90
13.43	1.76	9.18	0.85	1.59	90
13.84	1.62	8.92	1.08	0.86	90
14.27	1.53	8.53	1.50	0.05	90
14.59	1.36	8.14	1.86	-0.68	0
14.88	1.25	7.73	2.21	-1.20	0
15.13	1.14	7.32	2.48	-1.53	0
15.39	1.04	6.91	2.67	-1.70	0
15.60	0.89	6.63	2.54	-1.46	0
15.81	0.81	6.42	2.28	-1.19	0
16.02	0.76	6.30	1.90	-0.86	0
16.21	0.72	6.27	1.39	-0.48	0
16.32	0.62	6.33	0.77	-0.09	0
16.36	0.51	6.42	0.27	0.12	90
16.33	0.35	6.54	-0.15	0.18	90
16.22	0.13	6.72	-0.56	0.09	90
16.07	-0.10	6.93	-0.87	-0.08	90
15.90	-0.28	7.17	-1.11	-0.23	0
15.73	-0.42	7.44	-1.35	-0.39	0
15.52	-0.54	7.79	-1.67	-0.61	0
15.34	-0.59	8.12	-1.87	-0.75	0
15.16	-0.60	8.47	-2.05	-0.87	0
14.97	-0.62	8.81	-2.18	-0.97	0
14.67	-0.71	9.16	-2.30	-1.12	0
14.32	-0.80	9.42	-2.17	-1.10	0
13.89	-0.97	9.63	-2.00	-1.00	0
13.37	-1.19	9.78	-1.76	-0.67	0
12.70	-1.51	9.94	-1.51	0.00	0
12.08	-1.73	10.07	-1.21	0.88	90
11.47	-1.90	10.23	-1.09	1.54	90
10.89	-2.00	10.43	-1.08	1.84	90
10.23	-2.09	10.68	-1.20	1.87	90
9.66	-2.03	10.90	-1.27	1.52	90
9.07	-2.01	11.08	-1.35	1.32	90
8.45	-2.01	11.25	-1.35	1.33	90
7.74	-2.10	11.45	-1.35	1.58	90
7.14	-2.06	11.64	-1.27	1.63	90
6.57	-2.06	11.87	-1.30	1.58	90
6.03	-2.02	12.13	-1.40	1.27	90
5.45	-2.01	12.42	-1.56	0.89	90
4.97	-1.84	12.63	-1.58	0.48	90
4.51	-1.75	12.77	-1.52	0.41	90
4.07	-1.67	12.83	-1.28	0.64	90
3.60	-1.62	12.76	-0.84	1.27	90
3.25	-1.46	12.58	-0.21	1.84	90
2.95	-1.35	12.32	0.41	2.37	90
2.71	-1.20	12.03	0.99	2.65	90
2.51	-1.04	11.74	1.45	2.59	90
2.40	-0.80	11.59	1.57	1.88	90
2.34	-0.61	11.56	1.36	1.20	90
2.31	-0.43	11.66	0.88	0.56	90
2.37	-0.22	11.91	0.15	0.08	90
2.51	0.00	12.21	-0.62	0.00	90
2.72	0.21	12.48	-1.19	0.30	90
2.99	0.44	12.72	-1.54	0.87	90
3.36	0.70	12.87	-1.60	1.61	90
3.70	0.89	12.90	-1.31	1.95	90
4.04	1.01	12.84	-0.85	1.89	90
4.35	1.09	12.71	-0.30	1.51	90
4.74	1.16	12.46	0.34	0.96	90
5.09	1.15	12.19	0.90	0.29	90
5.47	1.18	11.92	1.30	-0.14	0
5.90	1.24	11.65	1.58	-0.42	0
6.48	1.42	11.34	1.82	-0.56	0
7.04	1.54	11.06	1.86	-0.50	0
7.64	1.70	10.77	1.89	-0.33	0
8.26	1.86	10.47	1.93	-0.13	0
8.99	2.06	10.16	1.99	0.14	90
9.62	2.09	9.94	1.87	0.46	90
10.22	2.12	9.77	1.72	0.84	90
10.79	2.10	9.65	1.49	1.28	90
11.43	2.11	9.51	1.29	1.74	90
11.97	1.99	9.35	1.08	1.79	90
12.53	1.94	9.12	1.09	1.64	90
13.09	1.91	8.82	1.27	1.23	90
13.69	1.94	8.42	1.64	0.57	90
14.14	1.81	8.07	1.92	-0.20	0
14.52	1.70	7.75	2.13	-0.73	0
14.82	1.53	7.48	2.18	-1.00	0
15.10	1.34	7.24	2.11	-1.03	0
15.30	1.07	7.06	1.81	-0.80	0
15.51	0.91	6.90	1.56	-0.59	0
15.74	0.81	6.75	1.33	-0.42	0
15.96	0.76	6.65	1.12	-0.27	0
16.11	0.67	6.63	0.81	-0.09	0
16.18	0.59	6.67	0.52	0.04	0
16.19	0.45	6.78	0.16	0.13	90
16.15	0.27	6.97	-0.29	0.15	90
16.07	0.07	7.17	-0.69	0.06	90
16.01	-0.07	7.36	-0.98	-0.06	90
15.96	-0.15	7.54	-1.16	-0.15	0
15.90	-0.19	7.73	-1.26	-0.21	0
15.86	-0.19	7.88	-1.21	-0.20	0
15.79	-0.19	8.03	-1.15	-0.18	0
15.70	-0.21	8.18	-1.09	-0.18	0
15.46	-0.33	8.37	-1.11	-0.26	0
15.14	-0.51	8.54	-1.09	-0.29	0
14.70	-0.77	8.73	-1.13	-0.28	0
14.16	-1.09	8.93	-1.20	-0.12	0
13.46	-1.49	9.22	-1.39	0.15	90
12.82	-1.76	9.55	-1.57	0.35	90
12.21	-1.95	9.93	-1.85	0.20	90
11.65	-2.03	10.36	-2.18	-0.29	0
11.01	-2.10	10.85	-2.56	-0.97	0
10.45	-2.00	11.23	-2.68	-1.35	0
9.85	-1.98	11.54	-2.66	-1.34	0
9.20	-2.00	11.77	-2.45	-0.90	0
8.47	-2.12	11.97	-2.14	-0.05	0
7.88	-2.09	12.10	-1.68	0.86	90
7.36	-2.06	12.26	-1.38	1.41	90
6.91	-1.95	12.45	-1.21	1.46	90
6.45	-1.84	12.64	-1.16	1.24	90
6.08	-1.59	12.75	-1.04	0.88	90
5.68	-1.47	12.79	-0.92	0.80	90
5.24	-1.41	12.77	-0.68	1.04	90
4.69	-1.49	12.72	-0.36	1.67	90
4.18	-1.52	12.68	-0.06	2.21	90
3.66	-1.61	12.69	0.08	2.72	90
3.15	-1.68	12.76	0.05	2.91	90
2.66	-1.72	12.87	-0.13	2.73	90
2.33	-1.57	12.98	-0.34	1.92	90
2.11	-1.38	13.05	-0.49	1.22	90
1.99	-1.11	13.08	-0.52	0.67	90
2.00	-0.77	13.03	-0.36	0.31	90
2.13	-0.35	12.92	-0.07	0.10	90
2.31	-0.02	12.77	0.27	0.01	90
2.52	0.28	12.60	0.60	-0.09	90
2.83	0.56	12.45	0.84	-0.16	0
3.16	0.77	12.40	0.85	-0.06	0
3.51	0.92	12.45	0.63	0.27	90
3.89	1.06	12.58	0.25	0.85	90
4.38	1.24	12.68	-0.11	1.66	90
4.83	1.33	12.65	-0.27	2.12	90
5.29	1.42	12.43	-0.05	2.10	90
5.77	1.51	12.04	0.55	1.45	90
6.34	1.63	11.48	1.47	0.27	90
6.83	1.64	10.98	2.26	-1.02	0
7.31	1.66	10.61	2.72	-1.77	0
7.79	1.66	10.37	2.76	-1.82	0
8.40	1.75	10.22	2.43	-1.18	0
8.98	1.76	10.16	1.75	0.00	0
9.62	1.86	10.08	1.20	1.24	90
10.33	2.01	9.96	0.85	2.33	90
11.17	2.26	9.74	0.83	3.22	90
11.89	2.33	9.49	0.97	3.18	90
12.56	2.39	9.20	1.29	2.64	90
13.17	2.36	8.87	1.61	1.77	90
13.78	2.30	8.50	1.95	0.80	90
14.24	2.04	8.20	2.06	-0.03	90
14.67	1.85	7.94	2.07	-0.40	0
15.08	1.68	7.72	1.97	-0.49	0
15.48	1.54	7.51	1.82	-0.43	0
15.76	1.32	7.34	1.55	-0.31	0
15.98	1.16	7.15	1.39	-0.27	0
16.14	0.98	6.96	1.30	-0.32	0
16.25	0.78	6.78	1.25	-0.37	0
16.28	0.53	6.69	1.10	-0.30	0
16.26	0.34	6.66	0.90	-0.19	0
16.21	0.16	6.72	0.58	-0.07	0
16.14	-0.00	6.86	0.14	0.00	0
16.07	-0.12	7.03	-0.33	-0.03	0
16.01	-0.18	7.20	-0.69	-0.09	0
15.96	-0.20	7.37	-0.94	-0.15	0
15.89	-0.21	7.56	-1.12	-0.19	0
15.81	-0.22	7.72	-1.15	-0.21	0
15.68	-0.26	7.89	-1.14	-0.23	0
15.51	-0.34	8.07	-1.15	-0.27	0
15.23	-0.49	8.31	-1.26	-0.38	0
14.92	-0.65	8.56	-1.34	-0.45	0
14.56	-0.83	8.84	-1.50	-0.56	0
14.16	-1.01	9.16	-1.69	-0.69	0
13.64	-1.24	9.55	-1.98	-0.92	0
13.15	-1.38	9.91	-2.13	-1.03	0
12.64	-1.51	10.26	-2.26	-1.13	0
12.12	-1.63	10.59	-2.33	-1.15	0
11.50	-1.78	10.96	-2.40	-1.10	0
10.95	-1.80	11.25	-2.26	-0.83	0
10.40	-1.84	11.52	-2.15	-0.58	0
9.84	-1.87	11.77	-2.02	-0.28	0
9.15	-1.98	11.99	-1.86	0.24	90
8.52	-1.98	12.09	-1.51	0.93	90
7.85	-2.06	12.12	-1.16	1.85	90
7.16	-2.16	12.09	-0.76	3.02	90
6.40	-2.29	12.04	-0.35	4.46	90
5.80	-2.23	12.00	-0.01	4.96	90
5.30	-2.15	12.01	0.10	4.85	90
4.88	-1.98	12.09	0.04	4.02	90
4.47	-1.79	12.25	-0.21	2.84	90
4.15	-1.50	12.44	-0.53	1.44	90
3.81	-1.33	12.63	-0.85	0.64	90
3.44	-1.24	12.81	-1.07	0.21	90
3.06	-1.22	12.92	-1.11	0.13	90
2.80	-1.11	12.91	-0.89	0.25	90
2.65	-1.00	12.79	-0.48	0.53	90
2.59	-0.81	12.58	0.07	0.71	90
2.61	-0.55	12.30	0.69	0.68	90
2.66	-0.26	12.05	1.16	0.37	90
2.68	-0.08	11.88	1.37	0.12	90
2.67	0.01	11.80	1.32	-0.02	90
2.69	0.07	11.80	1.04	-0.07	90
2.78	0.11	11.85	0.60	-0.05	90
2.96	0.20	11.89	0.21	-0.00	90
3.25	0.38	11.91	-0.04	0.16	90
3.72	0.70	11.90	-0.12	0.57	90
4.21	1.01	11.85	-0.07	1.09	90
4.73	1.30	11.78	0.09	1.58	90
5.27	1.54	11.69	0.27	1.95	90
5.92	1.78	11.52	0.53	2.23	90
6.50	1.85	11.32	0.77	2.00	90
7.08	1.91	11.07	1.03	1.68	90
7.67	1.96	10.80	1.30	1.28	90
8.37	2.06	10.52	1.56	1.04	90
8.98	2.04	10.32	1.59	0.91	90
9.60	2.07	10.20	1.48	1.21	90
10.23	2.10	10.15	1.23	1.82	90
10.93	2.17	10.06	0.99	2.58	90
11.50	2.09	9.92	0.79	2.72	90
12.04	2.04	9.66	0.88	2.37	90
12.53	1.95	9.29	1.22	1.43	90
13.05	1.88	8.77	1.84	0.08	90
13.46	1.69	8.29	2.36	-1.14	0
13.85	1.57	7.87	2.74	-1.84	0
14.23	1.46	7.52	2.86	-2.04	0
14.65	1.41	7.26	2.71	-1.83	0
14.98	1.28	7.13	2.18	-1.15	0
15.28	1.22	7.08	1.62	-0.49	0
15.57	1.14	7.07	1.07	0.08	0
15.83	1.06	7.05	0.63	0.47	90
15.99	0.89	7.02	0.31	0.52	90
16.10	0.75	6.93	0.27	0.36	90
16.16	0.59	6.79	0.38	0.12	90
16.19	0.42	6.65	0.55	-0.06	90
16.19	0.24	6.58	0.63	-0.09	90
16.19	0.14	6.61	0.55	-0.06	90
16.20	0.07	6.74	0.25	-0.01	90
16.18	0.01	6.99	-0.27	0.00	90
16.12	-0.05	7.26	-0.81	-0.04	90
16.01	-0.12	7.51	-1.24	-0.13	0
15.85	-0.23	7.74	-1.50	-0.29	0
15.58	-0.41	7.99	-1.67	-0.52	0
15.27	-0.61	8.22	-1.64	-0.62	0
14.91	-0.80	8.47	-1.62	-0.66	0
14.51	-1.00	8.75	-1.66	-0.66	0
13.99	-1.24	9.11	-1.82	-0.72	0
13.49	-1.39	9.42	-1.90	-0.71	0
12.97	-1.53	9.73	-2.02	-0.74	0
12.42	-1.66	10.03	-2.08	-0.69	0
11.74	-1.85	10.34	-2.11	-0.48	0
11.10	-1.92	10.56	-1.93	-0.02	0
10.43	-2.04	10.74	-1.75	0.58	90
9.75	-2.15	10.89	-1.54	1.30	90
9.00	-2.28	11.08	-1.39	2.04	90
8.42	-2.21	11.26	-1.23	2.17	90
7.93	-2.12	11.50	-1.25	1.83	90
7.52	-1.94	11.78	-1.38	1.09	90
7.05	-1.80	12.09	-1.60	0.36	90
6.62	-1.58	12.32	-1.65	-0.11	0
6.10	-1.55	12.47	-1.61	-0.09	0
5.48	-1.63	12.54	-1.39	0.40	90
4.73	-1.86	12.58	-1.07	1.46	90
4.11	-1.96	12.61	-0.69	2.50	90
3.57	-2.04	12.68	-0.49	3.15	90
3.13	-1.98	12.81	-0.46	2.99	90
2.79	-1.79	12.97	-0.58	2.17	90
2.64	-1.40	13.09	-0.69	0.99	90
2.56	-1.03	13.15	-0.73	0.31	90
2.54	-0.69	13.15	-0.62	0.05	90
2.54	-0.39	13.11	-0.40	-0.00	90
2.56	-0.15	13.08	-0.14	0.00	90
2.56	-0.05	13.08	0.01	0.00	90
2.53	-0.02	13.13	0.03	0.00	90
2.54	0.00	13.14	0.00	-0.00	90
2.62	0.05	13.10	0.02	0.00	90
2.79	0.15	12.95	0.17	-0.00	90
3.05	0.33	12.72	0.49	-0.05	90
3.44	0.61	12.39	0.98	-0.23	0
3.83	0.86	12.11	1.38	-0.44	0
4.21	1.06	11.90	1.60	-0.58	0
4.56	1.18	11.74	1.61	-0.51	0
4.98	1.29	11.59	1.50	-0.28	0
5.36	1.28	11.43	1.28	0.00	0
5.78	1.30	11.21	1.20	0.13	90
6.24	1.36	10.92	1.30	0.08	90
6.89	1.56	10.55	1.60	-0.07	90
7.56	1.72	10.23	1.82	-0.17	0
8.31	1.97	9.96	1.97	-0.00	0
9.12	2.23	9.75	1.95	0.62	90
10.02	2.52	9.54	1.84	1.73	90
10.72	2.55	9.38	1.56	2.54	90
11.29	2.49	9.19	1.39	2.74	90
11.74	2.28	8.96	1.33	2.18	90
12.21	2.06	8.66	1.45	1.27	90
12.64	1.74	8.39	1.53	0.37	90
13.18	1.64	8.13	1.66	-0.05	90
13.82	1.68	7.89	1.73	-0.08	90
14.59	1.90	7.65	1.75	0.29	90
15.23	2.01	7.48	1.57	0.87	90
15.74	2.07	7.36	1.38	1.41	90
16.11	1.96	7.27	1.15	1.57	90
16.35	1.69	7.20	0.92	1.30	90
16.41	1.21	7.16	0.65	0.69	90
16.42	0.79	7.13	0.48	0.25	90
16.38	0.43	7.09	0.36	0.03	90
16.31	0.13	7.05	0.29	-0.02	90
16.23	-0.08	7.01	0.25	0.03	90
16.16	-0.17	6.98	0.25	0.07	90
16.11	-0.20	6.95	0.23	0.09	90
16.06	-0.21	6.97	0.16	0.08	90
16.02	-0.19	7.04	0.01	0.04	90
15.98	-0.17	7.15	-0.19	-0.00	90
15.92	-0.16	7.32	-0.46	-0.05	90
15.82	-0.19	7.59	-0.85	-0.13	0
15.71	-0.23	7.86	-1.19	-0.22	0
15.60	-0.28	8.16	-1.50	-0.34	0
15.45	-0.35	8.47	-1.75	-0.49	0
15.17	-0.50	8.82	-2.00	-0.75	0
14.80	-0.68	9.12	-2.04	-0.92	0
14.32	-0.93	9.39	-2.03	-1.03	0
13.74	-1.24	9.65	-1.98	-0.92	0
13.00	-1.64	9.96	-1.98	-0.57	0
12.35	-1.88	10.25	-1.90	-0.04	0
11.77	-2.02	10.57	-1.94	0.16	90
11.27	-2.04	10.93	-2.05	-0.02	90
10.71	-2.02	11.33	-2.24	-0.45	0
10.23	-1.84	11.65	-2.25	-0.75	0
9.70	-1.77	11.91	-2.21	-0.79	0
9.11	-1.77	12.11	-2.05	-0.49	0
8.34	-1.95	12.28	-1.81	0.28	90
7.60	-2.07	12.40	-1.43	1.34	90
6.84	-2.26	12.51	-1.16	2.51	90
6.07	-2.43	12.64	-0.97	3.52	90
5.22	-2.59	12.82	-0.94	4.28	90
4.56	-2.52	13.00	-0.95	3.94	90
3.97	-2.42	13.21	-1.08	3.24	90
3.47	-2.24	13.43	-1.22	2.29	90
3.07	-1.99	13.63	-1.33	1.33	90
2.89	-1.55	13.75	-1.24	0.48	90
2.83	-1.15	13.78	-1.04	0.13	90
2.85	-0.75	13.73	-0.70	0.04	90
2.88	-0.39	13.58	-0.21	0.07	90
2.89	-0.12	13.39	0.32	0.05	90
2.81	-0.06	13.20	0.74	0.05	90
2.63	-0.13	13.01	1.03	0.15	90
2.44	-0.27	12.84	1.19	0.40	90
2.32	-0.38	12.74	1.12	0.56	90
2.33	-0.37	12.69	0.93	0.49	90
2.48	-0.22	12.68	0.69	0.20	90
2.82	0.13	12.65	0.47	-0.04